1,1,607.00,69.00,64.00,67.00,0.84,-1,-1,-1
1,2,517.00,79.00,60.00,51.00,0.83,-1,-1,-1
1,3,558.00,62.00,52.00,46.00,0.67,-1,-1,-1
2,1,607.00,69.00,64.00,68.00,0.84,-1,-1,-1
2,2,514.00,81.00,62.00,50.00,0.83,-1,-1,-1
2,3,558.00,62.00,52.00,46.00,0.68,-1,-1,-1
2,4,429.00,58.00,55.00,37.00,0.51,-1,-1,-1
3,1,603.00,73.00,66.00,65.00,0.83,-1,-1,-1
3,2,502.00,87.00,65.00,51.00,0.83,-1,-1,-1
3,3,557.00,62.00,52.00,46.00,0.71,-1,-1,-1
3,4,429.00,58.00,55.00,37.00,0.55,-1,-1,-1
4,2,475.00,98.00,72.00,59.00,0.86,-1,-1,-1
4,1,592.00,80.00,71.00,69.00,0.86,-1,-1,-1
4,3,552.00,63.00,52.00,47.00,0.75,-1,-1,-1
4,5,641.00,63.00,44.00,41.00,0.61,-1,-1,-1
4,4,431.00,58.00,53.00,37.00,0.60,-1,-1,-1
5,1,568.00,94.00,81.00,84.00,0.88,-1,-1,-1
5,2,425.00,121.00,86.00,68.00,0.88,-1,-1,-1
5,3,542.00,67.00,61.00,48.00,0.76,-1,-1,-1
5,5,634.00,68.00,48.00,42.00,0.72,-1,-1,-1
5,4,433.00,58.00,51.00,37.00,0.60,-1,-1,-1
6,2,328.00,160.00,120.00,95.00,0.90,-1,-1,-1
6,6,1069.00,425.00,208.00,211.00,0.89,-1,-1,-1
6,1,517.00,122.00,106.00,108.00,0.89,-1,-1,-1
6,5,621.00,77.00,53.00,45.00,0.82,-1,-1,-1
6,3,523.00,76.00,68.00,50.00,0.82,-1,-1,-1
6,4,579.00,54.00,46.00,38.00,0.54,-1,-1,-1
7,2,106.00,250.00,199.00,161.00,0.92,-1,-1,-1
7,1,413.00,181.00,158.00,166.00,0.91,-1,-1,-1
7,6,984.00,281.00,155.00,120.00,0.90,-1,-1,-1
7,3,491.00,89.00,77.00,61.00,0.85,-1,-1,-1
7,5,603.00,90.00,60.00,52.00,0.85,-1,-1,-1
7,4,567.00,59.00,52.00,39.00,0.73,-1,-1,-1
8,2,1008.00,391.00,243.00,186.00,0.91,-1,-1,-1
8,6,933.00,198.00,104.00,82.00,0.88,-1,-1,-1
8,3,432.00,113.00,97.00,74.00,0.88,-1,-1,-1
8,5,575.00,112.00,70.00,61.00,0.87,-1,-1,-1
8,1,68.00,411.00,357.00,309.00,0.84,-1,-1,-1
8,4,551.00,67.00,57.00,42.00,0.81,-1,-1,-1
8,7,432.00,58.00,52.00,38.00,0.57,-1,-1,-1
9,3,325.00,155.00,135.00,104.00,0.92,-1,-1,-1
9,2,884.00,222.00,131.00,94.00,0.90,-1,-1,-1
9,5,528.00,144.00,92.00,83.00,0.87,-1,-1,-1
9,4,525.00,79.00,66.00,49.00,0.83,-1,-1,-1
9,6,906.00,149.00,77.00,63.00,0.83,-1,-1,-1
9,8,1135.00,664.00,144.00,56.00,0.62,-1,-1,-1
10,3,73.00,245.00,238.00,196.00,0.91,-1,-1,-1
10,9,944.00,315.00,176.00,142.00,0.90,-1,-1,-1
10,5,430.00,213.00,137.00,128.00,0.90,-1,-1,-1
10,4,484.00,97.00,78.00,57.00,0.85,-1,-1,-1
10,6,884.00,117.00,61.00,50.00,0.82,-1,-1,-1
10,2,819.00,139.00,82.00,61.00,0.78,-1,-1,-1
10,10,428.00,58.00,56.00,37.00,0.52,-1,-1,-1
11,5,153.00,392.00,281.00,281.00,0.93,-1,-1,-1
11,9,856.00,182.00,101.00,81.00,0.88,-1,-1,-1
11,4,412.00,126.00,104.00,72.00,0.86,-1,-1,-1
11,6,867.00,94.00,53.00,44.00,0.78,-1,-1,-1
11,2,785.00,92.00,57.00,45.00,0.58,-1,-1,-1
12,4,280.00,177.00,150.00,107.00,0.91,-1,-1,-1
12,9,804.00,115.00,67.00,55.00,0.77,-1,-1,-1
12,6,856.00,76.00,44.00,38.00,0.61,-1,-1,-1
13,4,0.00,292.00,243.00,227.00,0.92,-1,-1,-1
13,6,779.00,76.00,48.00,42.00,0.67,-1,-1,-1
14,4,1016.00,384.00,253.00,200.00,0.94,-1,-1,-1
14,6,769.00,52.00,35.00,32.00,0.52,-1,-1,-1
15,4,890.00,188.00,116.00,93.00,0.88,-1,-1,-1
16,4,825.00,114.00,75.00,58.00,0.82,-1,-1,-1
16,11,823.00,34.00,29.00,27.00,0.51,-1,-1,-1
17,4,792.00,73.00,53.00,48.00,0.72,-1,-1,-1
18,4,777.00,49.00,40.00,36.00,0.55,-1,-1,-1
19,12,1044.00,364.00,224.00,179.00,0.90,-1,-1,-1
19,4,771.00,35.00,32.00,28.00,0.51,-1,-1,-1
20,12,938.00,208.00,120.00,97.00,0.90,-1,-1,-1
21,12,887.00,141.00,80.00,65.00,0.86,-1,-1,-1
21,13,1154.00,529.00,125.00,191.00,0.78,-1,-1,-1
22,13,977.00,266.00,163.00,131.00,0.90,-1,-1,-1
22,12,859.00,102.00,59.00,50.00,0.82,-1,-1,-1
23,13,908.00,164.00,96.00,81.00,0.85,-1,-1,-1
23,12,841.00,77.00,48.00,41.00,0.69,-1,-1,-1
24,14,995.00,324.00,202.00,173.00,0.93,-1,-1,-1
24,12,871.00,113.00,68.00,57.00,0.84,-1,-1,-1
25,14,897.00,177.00,107.00,98.00,0.89,-1,-1,-1
25,12,848.00,83.00,53.00,45.00,0.73,-1,-1,-1
26,14,838.00,116.00,72.00,64.00,0.87,-1,-1,-1
26,12,833.00,62.00,43.00,37.00,0.56,-1,-1,-1
27,15,1125.00,560.00,155.00,160.00,0.78,-1,-1,-1
27,14,801.00,78.00,54.00,50.00,0.75,-1,-1,-1
28,15,966.00,290.00,163.00,125.00,0.90,-1,-1,-1
28,14,780.00,55.00,41.00,39.00,0.58,-1,-1,-1
29,15,891.00,173.00,96.00,75.00,0.88,-1,-1,-1
30,15,835.00,114.00,66.00,51.00,0.82,-1,-1,-1
31,15,799.00,77.00,50.00,40.00,0.64,-1,-1,-1
36,16,1012.00,407.00,267.00,230.00,0.95,-1,-1,-1
37,16,879.00,198.00,122.00,99.00,0.89,-1,-1,-1
38,16,824.00,119.00,75.00,63.00,0.83,-1,-1,-1
39,16,793.00,78.00,54.00,47.00,0.68,-1,-1,-1
40,16,779.00,53.00,41.00,36.00,0.60,-1,-1,-1
41,17,308.00,457.00,316.00,262.00,0.92,-1,-1,-1
42,17,144.00,308.00,226.00,153.00,0.95,-1,-1,-1
42,18,1133.00,390.00,146.00,165.00,0.85,-1,-1,-1
43,18,992.00,260.00,157.00,106.00,0.92,-1,-1,-1
43,17,20.00,213.00,161.00,102.00,0.92,-1,-1,-1
44,18,921.00,180.00,102.00,73.00,0.87,-1,-1,-1
44,19,0.00,154.00,54.00,76.00,0.77,-1,-1,-1
45,18,880.00,132.00,71.00,56.00,0.83,-1,-1,-1
46,18,855.00,98.00,54.00,44.00,0.80,-1,-1,-1
47,18,841.00,74.00,45.00,38.00,0.61,-1,-1,-1
49,20,1007.00,350.00,205.00,169.00,0.92,-1,-1,-1
49,21,1165.00,326.00,114.00,125.00,0.87,-1,-1,-1
50,21,1056.00,223.00,123.00,83.00,0.89,-1,-1,-1
50,20,908.00,182.00,101.00,88.00,0.86,-1,-1,-1
51,20,865.00,117.00,64.00,57.00,0.81,-1,-1,-1
51,21,999.00,168.00,88.00,62.00,0.79,-1,-1,-1
52,21,967.00,134.00,66.00,48.00,0.79,-1,-1,-1
52,20,841.00,80.00,49.00,44.00,0.71,-1,-1,-1
53,21,945.00,113.00,58.00,43.00,0.79,-1,-1,-1
53,22,649.00,51.00,40.00,35.00,0.64,-1,-1,-1
54,21,933.00,98.00,50.00,39.00,0.80,-1,-1,-1
54,22,639.00,60.00,44.00,38.00,0.75,-1,-1,-1
55,21,933.00,88.00,40.00,35.00,0.81,-1,-1,-1
55,22,631.00,67.00,48.00,41.00,0.79,-1,-1,-1
56,22,624.00,73.00,51.00,45.00,0.80,-1,-1,-1
56,21,937.00,82.00,38.00,32.00,0.78,-1,-1,-1
56,23,639.00,45.00,43.00,34.00,0.53,-1,-1,-1
57,22,619.00,78.00,53.00,47.00,0.83,-1,-1,-1
57,21,941.00,78.00,38.00,30.00,0.75,-1,-1,-1
57,23,643.00,52.00,42.00,35.00,0.66,-1,-1,-1
58,24,1024.00,276.00,256.00,265.00,0.94,-1,-1,-1
58,22,614.00,82.00,56.00,49.00,0.82,-1,-1,-1
58,23,639.00,57.00,44.00,38.00,0.62,-1,-1,-1
59,24,929.00,152.00,129.00,140.00,0.90,-1,-1,-1
59,22,610.00,84.00,58.00,50.00,0.82,-1,-1,-1
59,25,948.00,71.00,35.00,30.00,0.76,-1,-1,-1
59,23,635.00,63.00,45.00,40.00,0.58,-1,-1,-1
60,26,248.00,375.00,263.00,226.00,0.96,-1,-1,-1
60,24,881.00,100.00,83.00,96.00,0.90,-1,-1,-1
60,25,945.00,68.00,36.00,30.00,0.81,-1,-1,-1
60,22,609.00,85.00,59.00,51.00,0.81,-1,-1,-1
61,26,79.00,226.00,175.00,127.00,0.93,-1,-1,-1
61,24,851.00,71.00,64.00,72.00,0.83,-1,-1,-1
61,25,940.00,66.00,37.00,28.00,0.82,-1,-1,-1
61,22,609.00,86.00,60.00,51.00,0.80,-1,-1,-1
62,25,936.00,63.00,39.00,28.00,0.82,-1,-1,-1
62,22,608.00,86.00,60.00,50.00,0.80,-1,-1,-1
62,26,0.00,144.00,81.00,90.00,0.78,-1,-1,-1
62,24,834.00,52.00,52.00,58.00,0.70,-1,-1,-1
63,25,933.00,62.00,38.00,27.00,0.85,-1,-1,-1
63,22,608.00,86.00,60.00,50.00,0.81,-1,-1,-1
63,24,823.00,39.00,44.00,49.00,0.54,-1,-1,-1
64,25,932.00,61.00,37.00,27.00,0.86,-1,-1,-1
64,22,609.00,86.00,60.00,51.00,0.81,-1,-1,-1
64,24,646.00,56.00,41.00,38.00,0.50,-1,-1,-1
65,25,932.00,61.00,37.00,27.00,0.87,-1,-1,-1
65,22,609.00,86.00,60.00,51.00,0.81,-1,-1,-1
66,25,932.00,61.00,37.00,27.00,0.86,-1,-1,-1
66,22,609.00,85.00,60.00,52.00,0.81,-1,-1,-1
66,27,612.00,34.00,37.00,31.00,0.55,-1,-1,-1
67,25,932.00,61.00,37.00,27.00,0.85,-1,-1,-1
67,22,608.00,86.00,60.00,50.00,0.81,-1,-1,-1
67,27,591.00,45.00,42.00,33.00,0.67,-1,-1,-1
68,25,932.00,61.00,37.00,27.00,0.85,-1,-1,-1
68,22,608.00,86.00,60.00,50.00,0.82,-1,-1,-1
68,27,568.00,55.00,48.00,37.00,0.74,-1,-1,-1
69,25,932.00,61.00,37.00,27.00,0.86,-1,-1,-1
69,27,547.00,64.00,54.00,41.00,0.81,-1,-1,-1
69,22,609.00,86.00,60.00,50.00,0.81,-1,-1,-1
69,28,1203.00,217.00,77.00,81.00,0.65,-1,-1,-1
70,28,1135.00,227.00,132.00,87.00,0.89,-1,-1,-1
70,25,932.00,61.00,37.00,27.00,0.86,-1,-1,-1
70,27,529.00,72.00,59.00,44.00,0.83,-1,-1,-1
70,22,608.00,86.00,60.00,50.00,0.81,-1,-1,-1
71,28,1047.00,236.00,149.00,105.00,0.91,-1,-1,-1
71,25,932.00,61.00,37.00,28.00,0.85,-1,-1,-1
71,27,520.00,75.00,61.00,47.00,0.83,-1,-1,-1
71,22,609.00,86.00,60.00,51.00,0.81,-1,-1,-1
72,28,925.00,259.00,179.00,127.00,0.91,-1,-1,-1
72,25,932.00,61.00,37.00,27.00,0.85,-1,-1,-1
72,27,517.00,76.00,63.00,47.00,0.83,-1,-1,-1
72,22,609.00,86.00,60.00,51.00,0.81,-1,-1,-1
73,28,770.00,293.00,219.00,162.00,0.92,-1,-1,-1
73,25,932.00,61.00,37.00,27.00,0.85,-1,-1,-1
73,27,517.00,76.00,64.00,47.00,0.83,-1,-1,-1
73,22,609.00,86.00,60.00,51.00,0.81,-1,-1,-1
74,28,579.00,353.00,274.00,226.00,0.92,-1,-1,-1
74,25,932.00,61.00,37.00,27.00,0.85,-1,-1,-1
74,27,517.00,76.00,64.00,47.00,0.83,-1,-1,-1
74,22,609.00,86.00,60.00,51.00,0.81,-1,-1,-1
75,28,304.00,461.00,374.00,255.00,0.85,-1,-1,-1
75,25,932.00,61.00,37.00,28.00,0.85,-1,-1,-1
75,27,517.00,76.00,64.00,47.00,0.83,-1,-1,-1
75,22,609.00,86.00,60.00,51.00,0.81,-1,-1,-1
76,25,932.00,61.00,37.00,28.00,0.84,-1,-1,-1
76,27,517.00,76.00,64.00,47.00,0.83,-1,-1,-1
76,22,609.00,86.00,60.00,51.00,0.81,-1,-1,-1
77,25,932.00,61.00,37.00,27.00,0.84,-1,-1,-1
77,27,517.00,76.00,63.00,47.00,0.83,-1,-1,-1
77,22,609.00,86.00,60.00,51.00,0.81,-1,-1,-1
77,29,604.00,37.00,37.00,31.00,0.54,-1,-1,-1
78,25,932.00,61.00,37.00,27.00,0.84,-1,-1,-1
78,27,517.00,76.00,63.00,47.00,0.83,-1,-1,-1
78,22,609.00,86.00,60.00,51.00,0.81,-1,-1,-1
78,29,593.00,41.00,39.00,34.00,0.55,-1,-1,-1
79,25,932.00,61.00,37.00,28.00,0.83,-1,-1,-1
79,27,517.00,76.00,63.00,47.00,0.82,-1,-1,-1
79,22,608.00,86.00,60.00,50.00,0.80,-1,-1,-1
79,29,585.00,47.00,41.00,33.00,0.59,-1,-1,-1
80,25,932.00,61.00,37.00,27.00,0.84,-1,-1,-1
80,27,517.00,76.00,63.00,47.00,0.81,-1,-1,-1
80,22,608.00,86.00,60.00,50.00,0.80,-1,-1,-1
80,29,577.00,50.00,42.00,35.00,0.55,-1,-1,-1
81,25,932.00,61.00,37.00,28.00,0.83,-1,-1,-1
81,27,517.00,76.00,64.00,47.00,0.81,-1,-1,-1
81,22,608.00,86.00,60.00,50.00,0.81,-1,-1,-1
81,29,571.00,52.00,44.00,36.00,0.60,-1,-1,-1
82,25,932.00,61.00,37.00,28.00,0.83,-1,-1,-1
82,27,517.00,76.00,63.00,47.00,0.83,-1,-1,-1
82,22,608.00,86.00,60.00,50.00,0.81,-1,-1,-1
82,29,569.00,54.00,42.00,35.00,0.64,-1,-1,-1
83,25,932.00,61.00,37.00,28.00,0.84,-1,-1,-1
83,27,517.00,76.00,63.00,47.00,0.84,-1,-1,-1
83,22,608.00,86.00,60.00,50.00,0.81,-1,-1,-1
83,29,568.00,55.00,43.00,35.00,0.57,-1,-1,-1
84,25,932.00,61.00,37.00,28.00,0.84,-1,-1,-1
84,27,517.00,76.00,63.00,47.00,0.84,-1,-1,-1
84,22,608.00,86.00,60.00,50.00,0.81,-1,-1,-1
84,29,568.00,55.00,43.00,35.00,0.58,-1,-1,-1
85,25,932.00,61.00,37.00,28.00,0.84,-1,-1,-1
85,27,516.00,76.00,64.00,47.00,0.84,-1,-1,-1
85,22,608.00,86.00,60.00,50.00,0.81,-1,-1,-1
85,29,569.00,55.00,42.00,36.00,0.58,-1,-1,-1
86,25,932.00,61.00,37.00,28.00,0.84,-1,-1,-1
86,27,517.00,76.00,63.00,47.00,0.84,-1,-1,-1
86,22,608.00,86.00,60.00,50.00,0.81,-1,-1,-1
86,29,569.00,55.00,42.00,36.00,0.58,-1,-1,-1
87,25,932.00,61.00,37.00,28.00,0.84,-1,-1,-1
87,27,517.00,76.00,63.00,47.00,0.84,-1,-1,-1
87,22,608.00,86.00,60.00,50.00,0.81,-1,-1,-1
87,29,569.00,55.00,42.00,36.00,0.58,-1,-1,-1
88,25,932.00,61.00,37.00,28.00,0.84,-1,-1,-1
88,27,517.00,76.00,63.00,47.00,0.84,-1,-1,-1
88,22,608.00,86.00,60.00,50.00,0.81,-1,-1,-1
88,29,569.00,55.00,42.00,36.00,0.58,-1,-1,-1
89,25,932.00,61.00,37.00,28.00,0.84,-1,-1,-1
89,27,517.00,76.00,63.00,47.00,0.83,-1,-1,-1
89,22,608.00,86.00,60.00,50.00,0.81,-1,-1,-1
89,29,569.00,55.00,42.00,36.00,0.59,-1,-1,-1
90,25,932.00,61.00,37.00,28.00,0.84,-1,-1,-1
90,27,517.00,76.00,63.00,47.00,0.83,-1,-1,-1
90,22,608.00,86.00,60.00,50.00,0.81,-1,-1,-1
90,29,569.00,55.00,42.00,36.00,0.59,-1,-1,-1
91,25,932.00,61.00,37.00,28.00,0.84,-1,-1,-1
91,27,517.00,76.00,63.00,47.00,0.84,-1,-1,-1
91,22,609.00,86.00,60.00,51.00,0.81,-1,-1,-1
91,29,569.00,55.00,42.00,35.00,0.60,-1,-1,-1
92,25,932.00,61.00,37.00,28.00,0.84,-1,-1,-1
92,27,515.00,77.00,64.00,47.00,0.84,-1,-1,-1
92,22,606.00,87.00,60.00,52.00,0.80,-1,-1,-1
92,29,569.00,55.00,42.00,36.00,0.60,-1,-1,-1
93,25,932.00,61.00,37.00,28.00,0.85,-1,-1,-1
93,27,512.00,79.00,64.00,47.00,0.81,-1,-1,-1
93,22,601.00,92.00,61.00,54.00,0.80,-1,-1,-1
93,29,567.00,55.00,44.00,36.00,0.62,-1,-1,-1
94,25,932.00,61.00,37.00,28.00,0.85,-1,-1,-1
94,27,499.00,85.00,66.00,49.00,0.85,-1,-1,-1
94,22,591.00,101.00,66.00,59.00,0.82,-1,-1,-1
94,29,564.00,55.00,46.00,37.00,0.66,-1,-1,-1
94,30,620.00,73.00,52.00,44.00,0.62,-1,-1,-1
94,31,643.00,57.00,43.00,39.00,0.52,-1,-1,-1
95,22,575.00,116.00,73.00,62.00,0.86,-1,-1,-1
95,27,468.00,98.00,75.00,55.00,0.86,-1,-1,-1
95,25,932.00,61.00,37.00,28.00,0.83,-1,-1,-1
95,30,608.00,79.00,57.00,47.00,0.71,-1,-1,-1
95,29,560.00,56.00,47.00,38.00,0.69,-1,-1,-1
95,31,638.00,60.00,45.00,40.00,0.53,-1,-1,-1
95,32,431.00,58.00,53.00,38.00,0.53,-1,-1,-1
96,27,412.00,123.00,93.00,65.00,0.87,-1,-1,-1
96,22,548.00,136.00,85.00,74.00,0.86,-1,-1,-1
96,30,591.00,91.00,66.00,51.00,0.84,-1,-1,-1
96,25,932.00,61.00,37.00,28.00,0.83,-1,-1,-1
96,29,551.00,61.00,49.00,39.00,0.72,-1,-1,-1
96,31,627.00,67.00,51.00,43.00,0.59,-1,-1,-1
96,32,431.00,58.00,53.00,38.00,0.53,-1,-1,-1
97,27,304.00,165.00,131.00,95.00,0.91,-1,-1,-1
97,22,502.00,170.00,109.00,92.00,0.91,-1,-1,-1
97,30,569.00,105.00,74.00,59.00,0.85,-1,-1,-1
97,25,932.00,61.00,37.00,28.00,0.84,-1,-1,-1
97,29,533.00,68.00,55.00,42.00,0.80,-1,-1,-1
97,31,615.00,77.00,56.00,48.00,0.80,-1,-1,-1
98,27,43.00,270.00,240.00,168.00,0.94,-1,-1,-1
98,22,415.00,233.00,152.00,133.00,0.90,-1,-1,-1
98,30,536.00,128.00,89.00,69.00,0.86,-1,-1,-1
98,25,932.00,61.00,37.00,28.00,0.84,-1,-1,-1
98,31,598.00,90.00,64.00,53.00,0.82,-1,-1,-1
98,29,508.00,79.00,61.00,47.00,0.82,-1,-1,-1
99,22,200.00,373.00,270.00,255.00,0.95,-1,-1,-1
99,30,482.00,165.00,116.00,91.00,0.90,-1,-1,-1
99,31,575.00,108.00,76.00,62.00,0.86,-1,-1,-1
99,29,466.00,96.00,72.00,53.00,0.85,-1,-1,-1
99,25,932.00,61.00,37.00,28.00,0.83,-1,-1,-1
99,33,429.00,58.00,55.00,38.00,0.59,-1,-1,-1
100,30,379.00,230.00,168.00,139.00,0.92,-1,-1,-1
100,29,397.00,124.00,90.00,66.00,0.86,-1,-1,-1
100,31,537.00,136.00,94.00,79.00,0.84,-1,-1,-1
100,25,932.00,61.00,37.00,28.00,0.83,-1,-1,-1
100,33,429.00,58.00,55.00,38.00,0.60,-1,-1,-1
101,29,268.00,172.00,133.00,98.00,0.92,-1,-1,-1
101,30,136.00,376.00,308.00,273.00,0.91,-1,-1,-1
101,31,469.00,188.00,128.00,107.00,0.90,-1,-1,-1
101,25,932.00,61.00,37.00,28.00,0.82,-1,-1,-1
102,31,323.00,284.00,208.00,189.00,0.91,-1,-1,-1
102,29,0.00,280.00,215.00,187.00,0.91,-1,-1,-1
102,25,932.00,61.00,37.00,28.00,0.83,-1,-1,-1
103,34,0.00,541.00,350.00,176.00,0.84,-1,-1,-1
103,25,932.00,61.00,37.00,27.00,0.84,-1,-1,-1
104,25,932.00,61.00,37.00,27.00,0.84,-1,-1,-1
105,25,931.00,60.00,39.00,29.00,0.83,-1,-1,-1
106,25,931.00,61.00,40.00,28.00,0.84,-1,-1,-1
107,25,931.00,60.00,39.00,29.00,0.83,-1,-1,-1
108,25,931.00,60.00,39.00,29.00,0.84,-1,-1,-1
109,25,932.00,61.00,37.00,27.00,0.84,-1,-1,-1
110,25,932.00,61.00,37.00,27.00,0.84,-1,-1,-1
111,35,1041.00,298.00,238.00,244.00,0.88,-1,-1,-1
111,25,932.00,61.00,37.00,28.00,0.84,-1,-1,-1
112,36,971.00,431.00,262.00,216.00,0.95,-1,-1,-1
112,25,932.00,61.00,37.00,27.00,0.85,-1,-1,-1
112,35,949.00,184.00,142.00,146.00,0.81,-1,-1,-1
113,36,840.00,217.00,125.00,103.00,0.89,-1,-1,-1
113,35,895.00,125.00,96.00,103.00,0.85,-1,-1,-1
113,25,932.00,61.00,37.00,28.00,0.84,-1,-1,-1
114,35,868.00,92.00,68.00,74.00,0.86,-1,-1,-1
114,25,932.00,61.00,37.00,28.00,0.83,-1,-1,-1
114,36,784.00,131.00,80.00,67.00,0.79,-1,-1,-1
115,37,893.00,323.00,198.00,152.00,0.91,-1,-1,-1
115,25,932.00,61.00,37.00,28.00,0.83,-1,-1,-1
115,35,851.00,70.00,53.00,58.00,0.80,-1,-1,-1
115,36,767.00,88.00,53.00,47.00,0.65,-1,-1,-1
116,38,989.00,464.00,274.00,229.00,0.94,-1,-1,-1
116,37,824.00,175.00,99.00,78.00,0.85,-1,-1,-1
116,25,932.00,61.00,37.00,27.00,0.85,-1,-1,-1
116,35,837.00,53.00,47.00,49.00,0.69,-1,-1,-1
117,38,873.00,249.00,128.00,100.00,0.90,-1,-1,-1
117,25,932.00,61.00,37.00,27.00,0.85,-1,-1,-1
117,37,795.00,108.00,61.00,52.00,0.80,-1,-1,-1
117,35,825.00,38.00,43.00,45.00,0.56,-1,-1,-1
118,25,932.00,61.00,37.00,27.00,0.85,-1,-1,-1
118,38,827.00,158.00,80.00,65.00,0.83,-1,-1,-1
118,37,778.00,71.00,45.00,40.00,0.60,-1,-1,-1
119,25,935.00,61.00,34.00,28.00,0.86,-1,-1,-1
119,37,799.00,109.00,58.00,47.00,0.81,-1,-1,-1
120,25,935.00,61.00,34.00,28.00,0.85,-1,-1,-1
120,37,781.00,77.00,46.00,38.00,0.69,-1,-1,-1
121,25,936.00,62.00,33.00,27.00,0.76,-1,-1,-1
121,37,775.00,56.00,37.00,30.00,0.70,-1,-1,-1
122,25,935.00,61.00,34.00,28.00,0.83,-1,-1,-1
123,25,932.00,61.00,37.00,28.00,0.82,-1,-1,-1
124,25,932.00,60.00,37.00,29.00,0.80,-1,-1,-1
125,25,935.00,61.00,34.00,28.00,0.85,-1,-1,-1
126,25,932.00,61.00,37.00,29.00,0.57,-1,-1,-1
127,25,931.00,61.00,37.00,29.00,0.54,-1,-1,-1
128,25,932.00,61.00,37.00,27.00,0.83,-1,-1,-1
129,25,932.00,61.00,37.00,27.00,0.84,-1,-1,-1
130,39,991.00,330.00,165.00,160.00,0.87,-1,-1,-1
130,25,932.00,61.00,37.00,27.00,0.85,-1,-1,-1
131,25,932.00,61.00,37.00,28.00,0.84,-1,-1,-1
131,39,910.00,175.00,83.00,80.00,0.83,-1,-1,-1
132,25,931.00,61.00,39.00,28.00,0.85,-1,-1,-1
132,39,871.00,110.00,56.00,54.00,0.73,-1,-1,-1
133,25,932.00,61.00,37.00,28.00,0.84,-1,-1,-1
133,39,844.00,73.00,43.00,42.00,0.51,-1,-1,-1
134,25,932.00,61.00,37.00,28.00,0.85,-1,-1,-1
135,40,389.00,549.00,320.00,171.00,0.89,-1,-1,-1
135,25,932.00,61.00,37.00,28.00,0.86,-1,-1,-1
136,40,200.00,363.00,261.00,199.00,0.95,-1,-1,-1
136,25,932.00,61.00,37.00,28.00,0.85,-1,-1,-1
137,40,39.00,248.00,175.00,127.00,0.93,-1,-1,-1
137,25,932.00,61.00,37.00,28.00,0.85,-1,-1,-1
138,25,932.00,61.00,37.00,28.00,0.85,-1,-1,-1
138,40,0.00,167.00,59.00,88.00,0.78,-1,-1,-1
139,25,932.00,61.00,37.00,27.00,0.86,-1,-1,-1
139,40,599.00,35.00,41.00,33.00,0.56,-1,-1,-1
140,25,932.00,61.00,37.00,27.00,0.86,-1,-1,-1
140,40,574.00,41.00,46.00,40.00,0.74,-1,-1,-1
141,40,547.00,49.00,52.00,45.00,0.81,-1,-1,-1
141,25,932.00,61.00,37.00,28.00,0.80,-1,-1,-1
142,25,933.00,61.00,36.00,28.00,0.83,-1,-1,-1
142,40,527.00,58.00,57.00,48.00,0.78,-1,-1,-1
143,25,933.00,61.00,36.00,27.00,0.85,-1,-1,-1
143,40,512.00,64.00,60.00,52.00,0.82,-1,-1,-1
144,25,932.00,61.00,37.00,27.00,0.86,-1,-1,-1
144,40,501.00,68.00,64.00,54.00,0.83,-1,-1,-1
145,25,932.00,61.00,37.00,27.00,0.85,-1,-1,-1
145,40,496.00,70.00,65.00,56.00,0.83,-1,-1,-1
145,41,429.00,58.00,55.00,37.00,0.55,-1,-1,-1
146,25,932.00,61.00,37.00,27.00,0.86,-1,-1,-1
146,40,494.00,72.00,66.00,56.00,0.84,-1,-1,-1
146,41,429.00,58.00,55.00,37.00,0.57,-1,-1,-1
147,25,932.00,61.00,37.00,27.00,0.86,-1,-1,-1
147,40,494.00,73.00,65.00,55.00,0.84,-1,-1,-1
147,41,440.00,58.00,44.00,37.00,0.56,-1,-1,-1
148,25,932.00,61.00,37.00,27.00,0.86,-1,-1,-1
148,40,494.00,72.00,65.00,56.00,0.84,-1,-1,-1
148,42,654.00,44.00,42.00,40.00,0.65,-1,-1,-1
148,41,440.00,58.00,44.00,37.00,0.56,-1,-1,-1
149,25,932.00,61.00,37.00,27.00,0.86,-1,-1,-1
149,40,493.00,73.00,66.00,55.00,0.84,-1,-1,-1
149,42,639.00,52.00,48.00,45.00,0.77,-1,-1,-1
150,25,932.00,61.00,37.00,27.00,0.86,-1,-1,-1
150,40,494.00,72.00,66.00,56.00,0.84,-1,-1,-1
150,42,624.00,59.00,55.00,51.00,0.84,-1,-1,-1
151,25,932.00,61.00,37.00,28.00,0.86,-1,-1,-1
151,40,494.00,72.00,65.00,56.00,0.84,-1,-1,-1
151,42,615.00,66.00,56.00,54.00,0.83,-1,-1,-1
151,43,435.00,58.00,48.00,37.00,0.64,-1,-1,-1
152,25,932.00,61.00,37.00,28.00,0.86,-1,-1,-1
152,42,607.00,71.00,60.00,57.00,0.84,-1,-1,-1
152,40,494.00,72.00,65.00,56.00,0.84,-1,-1,-1
152,43,429.00,58.00,54.00,37.00,0.54,-1,-1,-1
153,42,602.00,74.00,61.00,59.00,0.85,-1,-1,-1
153,40,494.00,72.00,65.00,56.00,0.84,-1,-1,-1
153,25,933.00,61.00,36.00,28.00,0.78,-1,-1,-1
154,25,932.00,61.00,37.00,27.00,0.85,-1,-1,-1
154,42,600.00,75.00,63.00,59.00,0.85,-1,-1,-1
154,40,494.00,72.00,65.00,56.00,0.84,-1,-1,-1
155,25,932.00,61.00,37.00,27.00,0.86,-1,-1,-1
155,42,600.00,75.00,63.00,59.00,0.85,-1,-1,-1
155,40,494.00,73.00,65.00,55.00,0.84,-1,-1,-1
156,25,932.00,61.00,37.00,27.00,0.86,-1,-1,-1
156,42,600.00,76.00,63.00,58.00,0.85,-1,-1,-1
156,40,493.00,73.00,66.00,55.00,0.84,-1,-1,-1
157,25,932.00,61.00,37.00,28.00,0.85,-1,-1,-1
157,42,600.00,75.00,63.00,59.00,0.85,-1,-1,-1
157,40,493.00,73.00,65.00,56.00,0.84,-1,-1,-1
157,44,601.00,35.00,41.00,36.00,0.59,-1,-1,-1
158,42,600.00,76.00,63.00,58.00,0.86,-1,-1,-1
158,25,932.00,61.00,37.00,28.00,0.85,-1,-1,-1
158,40,491.00,73.00,66.00,56.00,0.84,-1,-1,-1
158,44,589.00,40.00,44.00,39.00,0.63,-1,-1,-1
159,42,601.00,77.00,61.00,57.00,0.85,-1,-1,-1
159,25,932.00,61.00,37.00,27.00,0.85,-1,-1,-1
159,40,491.00,74.00,66.00,55.00,0.84,-1,-1,-1
159,44,577.00,46.00,47.00,40.00,0.71,-1,-1,-1
160,42,601.00,76.00,62.00,58.00,0.85,-1,-1,-1
160,25,932.00,61.00,37.00,27.00,0.85,-1,-1,-1
160,40,491.00,72.00,66.00,57.00,0.84,-1,-1,-1
160,44,566.00,51.00,51.00,43.00,0.63,-1,-1,-1
161,42,601.00,76.00,62.00,58.00,0.85,-1,-1,-1
161,25,932.00,61.00,37.00,27.00,0.85,-1,-1,-1
161,40,491.00,73.00,66.00,56.00,0.85,-1,-1,-1
161,44,558.00,54.00,51.00,44.00,0.63,-1,-1,-1
162,42,601.00,76.00,61.00,58.00,0.85,-1,-1,-1
162,25,932.00,61.00,37.00,27.00,0.85,-1,-1,-1
162,40,492.00,74.00,65.00,55.00,0.82,-1,-1,-1
162,44,553.00,57.00,52.00,45.00,0.65,-1,-1,-1
163,42,601.00,76.00,62.00,58.00,0.85,-1,-1,-1
163,25,932.00,61.00,37.00,27.00,0.85,-1,-1,-1
163,40,492.00,74.00,64.00,55.00,0.81,-1,-1,-1
163,45,1214.00,217.00,66.00,90.00,0.66,-1,-1,-1
163,44,551.00,58.00,52.00,46.00,0.57,-1,-1,-1
164,45,1065.00,257.00,171.00,106.00,0.90,-1,-1,-1
164,42,601.00,76.00,61.00,58.00,0.85,-1,-1,-1
164,25,932.00,61.00,37.00,27.00,0.85,-1,-1,-1
164,40,492.00,75.00,64.00,54.00,0.81,-1,-1,-1
164,44,550.00,59.00,51.00,45.00,0.57,-1,-1,-1
165,45,828.00,312.00,245.00,165.00,0.91,-1,-1,-1
165,42,601.00,77.00,61.00,57.00,0.85,-1,-1,-1
165,25,932.00,61.00,37.00,28.00,0.85,-1,-1,-1
165,40,492.00,75.00,64.00,54.00,0.82,-1,-1,-1
165,44,550.00,60.00,50.00,44.00,0.59,-1,-1,-1
166,45,337.00,465.00,448.00,250.00,0.88,-1,-1,-1
166,42,601.00,76.00,62.00,58.00,0.86,-1,-1,-1
166,25,932.00,61.00,37.00,28.00,0.85,-1,-1,-1
166,40,492.00,74.00,64.00,55.00,0.82,-1,-1,-1
166,44,550.00,60.00,49.00,44.00,0.58,-1,-1,-1
167,42,601.00,76.00,61.00,58.00,0.86,-1,-1,-1
167,25,932.00,61.00,37.00,27.00,0.85,-1,-1,-1
167,40,492.00,75.00,64.00,54.00,0.82,-1,-1,-1
167,44,550.00,60.00,50.00,44.00,0.60,-1,-1,-1
168,46,0.00,174.00,165.00,92.00,0.87,-1,-1,-1
168,42,601.00,76.00,61.00,58.00,0.86,-1,-1,-1
168,25,932.00,61.00,37.00,27.00,0.84,-1,-1,-1
168,40,492.00,75.00,64.00,54.00,0.82,-1,-1,-1
168,44,550.00,60.00,50.00,44.00,0.60,-1,-1,-1
169,46,145.00,194.00,251.00,98.00,0.91,-1,-1,-1
169,42,601.00,76.00,61.00,58.00,0.85,-1,-1,-1
169,25,932.00,61.00,37.00,28.00,0.84,-1,-1,-1
169,40,492.00,75.00,64.00,54.00,0.82,-1,-1,-1
169,44,550.00,60.00,50.00,44.00,0.57,-1,-1,-1
170,46,410.00,213.00,267.00,96.00,0.91,-1,-1,-1
170,42,601.00,77.00,61.00,57.00,0.85,-1,-1,-1
170,25,932.00,61.00,37.00,28.00,0.84,-1,-1,-1
170,40,492.00,75.00,64.00,54.00,0.82,-1,-1,-1
170,44,550.00,60.00,50.00,44.00,0.57,-1,-1,-1
170,47,655.00,48.00,38.00,33.00,0.55,-1,-1,-1
171,46,716.00,221.00,256.00,95.00,0.89,-1,-1,-1
171,25,932.00,61.00,37.00,27.00,0.84,-1,-1,-1
171,42,601.00,77.00,61.00,57.00,0.84,-1,-1,-1
171,40,492.00,75.00,64.00,54.00,0.82,-1,-1,-1
171,44,550.00,60.00,50.00,44.00,0.59,-1,-1,-1
171,47,651.00,52.00,38.00,34.00,0.58,-1,-1,-1
172,46,987.00,234.00,226.00,84.00,0.86,-1,-1,-1
172,25,932.00,61.00,37.00,27.00,0.84,-1,-1,-1
172,42,601.00,77.00,61.00,57.00,0.84,-1,-1,-1
172,40,492.00,75.00,64.00,54.00,0.82,-1,-1,-1
172,44,550.00,60.00,50.00,44.00,0.60,-1,-1,-1
172,47,649.00,55.00,39.00,36.00,0.59,-1,-1,-1
173,25,932.00,61.00,37.00,27.00,0.85,-1,-1,-1
173,42,601.00,77.00,61.00,57.00,0.84,-1,-1,-1
173,40,492.00,74.00,64.00,55.00,0.82,-1,-1,-1
173,46,1189.00,237.00,91.00,81.00,0.74,-1,-1,-1
173,47,647.00,56.00,40.00,37.00,0.63,-1,-1,-1
173,44,550.00,60.00,50.00,44.00,0.58,-1,-1,-1
174,25,932.00,61.00,37.00,27.00,0.85,-1,-1,-1
174,42,601.00,77.00,61.00,57.00,0.83,-1,-1,-1
174,40,492.00,74.00,64.00,55.00,0.82,-1,-1,-1
174,47,645.00,57.00,40.00,38.00,0.62,-1,-1,-1
174,44,550.00,60.00,50.00,44.00,0.58,-1,-1,-1
175,25,932.00,61.00,37.00,27.00,0.85,-1,-1,-1
175,42,601.00,78.00,61.00,56.00,0.82,-1,-1,-1
175,40,492.00,74.00,64.00,55.00,0.82,-1,-1,-1
175,47,644.00,58.00,41.00,38.00,0.61,-1,-1,-1
175,44,549.00,60.00,51.00,44.00,0.55,-1,-1,-1
176,25,932.00,61.00,37.00,27.00,0.86,-1,-1,-1
176,42,601.00,78.00,61.00,56.00,0.82,-1,-1,-1
176,40,492.00,74.00,64.00,55.00,0.82,-1,-1,-1
176,47,644.00,57.00,41.00,39.00,0.57,-1,-1,-1
176,44,549.00,60.00,51.00,44.00,0.55,-1,-1,-1
177,25,932.00,61.00,37.00,27.00,0.84,-1,-1,-1
177,42,601.00,78.00,61.00,56.00,0.82,-1,-1,-1
177,40,492.00,74.00,64.00,55.00,0.82,-1,-1,-1
177,47,644.00,58.00,41.00,38.00,0.56,-1,-1,-1
177,44,549.00,60.00,51.00,44.00,0.56,-1,-1,-1
178,25,932.00,61.00,37.00,27.00,0.84,-1,-1,-1
178,42,601.00,78.00,61.00,56.00,0.82,-1,-1,-1
178,40,492.00,75.00,64.00,54.00,0.82,-1,-1,-1
178,44,549.00,60.00,51.00,44.00,0.56,-1,-1,-1
178,47,644.00,58.00,41.00,38.00,0.54,-1,-1,-1
179,25,932.00,61.00,37.00,27.00,0.85,-1,-1,-1
179,42,601.00,77.00,61.00,57.00,0.82,-1,-1,-1
179,40,491.00,75.00,64.00,54.00,0.82,-1,-1,-1
179,44,549.00,60.00,51.00,44.00,0.58,-1,-1,-1
179,47,643.00,59.00,42.00,37.00,0.53,-1,-1,-1
180,25,932.00,61.00,37.00,27.00,0.85,-1,-1,-1
180,40,490.00,75.00,65.00,55.00,0.83,-1,-1,-1
180,42,601.00,77.00,61.00,57.00,0.82,-1,-1,-1
180,44,549.00,60.00,51.00,44.00,0.59,-1,-1,-1
181,25,932.00,61.00,37.00,27.00,0.86,-1,-1,-1
181,40,487.00,76.00,66.00,55.00,0.82,-1,-1,-1
181,42,601.00,77.00,61.00,57.00,0.82,-1,-1,-1
181,44,548.00,61.00,51.00,44.00,0.63,-1,-1,-1
181,48,655.00,22.00,44.00,50.00,0.57,-1,-1,-1
181,49,643.00,59.00,42.00,37.00,0.51,-1,-1,-1
186,50,978.00,223.00,208.00,79.00,0.86,-1,-1,-1
187,50,677.00,213.00,188.00,76.00,0.80,-1,-1,-1
188,51,443.00,191.00,148.00,68.00,0.89,-1,-1,-1
189,51,286.00,173.00,116.00,56.00,0.84,-1,-1,-1
189,52,1049.00,216.00,224.00,77.00,0.84,-1,-1,-1
190,51,161.00,155.00,97.00,50.00,0.87,-1,-1,-1
190,52,753.00,215.00,195.00,73.00,0.70,-1,-1,-1
191,52,479.00,196.00,169.00,63.00,0.83,-1,-1,-1
191,51,52.00,144.00,87.00,41.00,0.77,-1,-1,-1
192,52,275.00,174.00,132.00,54.00,0.80,-1,-1,-1
193,52,108.00,151.00,104.00,47.00,0.79,-1,-1,-1
200,53,1197.00,297.00,83.00,71.00,0.61,-1,-1,-1
201,54,1107.00,324.00,172.00,121.00,0.85,-1,-1,-1
201,53,741.00,227.00,172.00,75.00,0.75,-1,-1,-1
202,54,367.00,185.00,143.00,60.00,0.81,-1,-1,-1
202,53,561.00,240.00,215.00,86.00,0.52,-1,-1,-1
203,53,222.00,191.00,135.00,59.00,0.80,-1,-1,-1
203,55,138.00,154.00,100.00,49.00,0.76,-1,-1,-1
203,56,1212.00,320.00,68.00,114.00,0.65,-1,-1,-1
204,53,722.00,243.00,225.00,115.00,0.89,-1,-1,-1
205,53,381.00,202.00,166.00,80.00,0.91,-1,-1,-1
206,53,160.00,170.00,125.00,64.00,0.87,-1,-1,-1
207,53,956.00,283.00,321.00,134.00,0.88,-1,-1,-1
207,57,5.00,147.00,96.00,47.00,0.74,-1,-1,-1
208,53,363.00,208.00,168.00,69.00,0.85,-1,-1,-1
208,58,720.00,227.00,180.00,74.00,0.77,-1,-1,-1
209,58,426.00,191.00,142.00,61.00,0.85,-1,-1,-1
209,59,684.00,244.00,232.00,94.00,0.84,-1,-1,-1
209,60,74.00,166.00,110.00,46.00,0.55,-1,-1,-1
210,61,226.00,166.00,111.00,49.00,0.83,-1,-1,-1
210,58,284.00,203.00,147.00,58.00,0.73,-1,-1,-1
211,58,46.00,154.00,114.00,57.00,0.55,-1,-1,-1
212,58,691.00,227.00,213.00,76.00,0.77,-1,-1,-1
213,58,364.00,188.00,145.00,57.00,0.83,-1,-1,-1
214,58,157.00,158.00,108.00,48.00,0.83,-1,-1,-1
215,58,9.00,139.00,89.00,41.00,0.82,-1,-1,-1
225,62,389.00,296.00,278.00,132.00,0.92,-1,-1,-1
229,63,92.00,305.00,212.00,171.00,0.90,-1,-1,-1
231,64,0.00,204.00,114.00,77.00,0.86,-1,-1,-1
232,64,636.00,347.00,356.00,174.00,0.92,-1,-1,-1
237,65,0.00,263.00,224.00,147.00,0.92,-1,-1,-1
238,65,665.00,451.00,494.00,264.00,0.90,-1,-1,-1
241,66,881.00,389.00,166.00,100.00,0.74,-1,-1,-1
247,67,1071.00,221.00,209.00,96.00,0.87,-1,-1,-1
248,67,793.00,221.00,232.00,91.00,0.87,-1,-1,-1
249,67,543.00,205.00,174.00,77.00,0.86,-1,-1,-1
250,67,339.00,180.00,139.00,66.00,0.88,-1,-1,-1
251,67,170.00,156.00,109.00,55.00,0.86,-1,-1,-1
252,67,30.00,140.00,85.00,45.00,0.86,-1,-1,-1
252,68,1179.00,207.00,101.00,92.00,0.84,-1,-1,-1
253,68,981.00,216.00,219.00,93.00,0.90,-1,-1,-1
254,68,752.00,214.00,219.00,88.00,0.89,-1,-1,-1
254,69,1195.00,236.00,85.00,95.00,0.68,-1,-1,-1
255,68,919.00,236.00,253.00,103.00,0.92,-1,-1,-1
255,69,567.00,203.00,181.00,78.00,0.89,-1,-1,-1
256,69,410.00,185.00,146.00,71.00,0.93,-1,-1,-1
256,68,1105.00,218.00,174.00,90.00,0.90,-1,-1,-1
256,70,649.00,229.00,224.00,97.00,0.82,-1,-1,-1
257,68,447.00,207.00,179.00,85.00,0.88,-1,-1,-1
257,69,274.00,168.00,123.00,61.00,0.87,-1,-1,-1
257,71,871.00,220.00,216.00,83.00,0.84,-1,-1,-1
258,68,292.00,186.00,142.00,70.00,0.90,-1,-1,-1
258,69,156.00,154.00,103.00,52.00,0.87,-1,-1,-1
258,71,634.00,208.00,187.00,78.00,0.75,-1,-1,-1
259,68,157.00,167.00,118.00,59.00,0.89,-1,-1,-1
259,71,437.00,188.00,150.00,70.00,0.89,-1,-1,-1
259,69,52.00,143.00,89.00,43.00,0.82,-1,-1,-1
260,71,264.00,168.00,122.00,60.00,0.84,-1,-1,-1
260,68,47.00,152.00,101.00,54.00,0.82,-1,-1,-1
261,71,124.00,153.00,100.00,49.00,0.77,-1,-1,-1
262,71,8.00,137.00,87.00,45.00,0.80,-1,-1,-1
270,72,58.00,244.00,277.00,199.00,0.91,-1,-1,-1
271,72,635.00,421.00,490.00,299.00,0.74,-1,-1,-1
276,73,15.00,285.00,235.00,146.00,0.94,-1,-1,-1
277,73,676.00,477.00,488.00,234.00,0.89,-1,-1,-1
286,74,36.00,218.00,158.00,84.00,0.92,-1,-1,-1
287,74,212.00,256.00,204.00,113.00,0.89,-1,-1,-1
288,74,422.00,298.00,263.00,137.00,0.90,-1,-1,-1
288,75,1144.00,287.00,136.00,87.00,0.79,-1,-1,-1
289,74,632.00,334.00,336.00,159.00,0.94,-1,-1,-1
289,75,473.00,204.00,158.00,62.00,0.85,-1,-1,-1
290,74,811.00,354.00,400.00,168.00,0.91,-1,-1,-1
290,75,154.00,160.00,101.00,46.00,0.81,-1,-1,-1
291,74,952.00,369.00,325.00,174.00,0.90,-1,-1,-1
291,75,768.00,271.00,235.00,93.00,0.88,-1,-1,-1
292,74,1047.00,369.00,233.00,188.00,0.88,-1,-1,-1
292,75,276.00,200.00,133.00,58.00,0.84,-1,-1,-1
293,74,1091.00,379.00,189.00,180.00,0.83,-1,-1,-1
294,76,511.00,227.00,194.00,81.00,0.83,-1,-1,-1
294,74,1091.00,380.00,189.00,178.00,0.83,-1,-1,-1
295,74,1091.00,380.00,189.00,176.00,0.83,-1,-1,-1
295,76,102.00,168.00,116.00,53.00,0.78,-1,-1,-1
296,74,1091.00,379.00,189.00,178.00,0.83,-1,-1,-1
297,74,1091.00,380.00,189.00,177.00,0.83,-1,-1,-1
298,77,797.00,219.00,224.00,103.00,0.88,-1,-1,-1
298,78,500.00,226.00,190.00,78.00,0.85,-1,-1,-1
298,74,1091.00,380.00,189.00,178.00,0.82,-1,-1,-1
299,77,387.00,175.00,141.00,72.00,0.90,-1,-1,-1
299,74,1096.00,379.00,184.00,170.00,0.85,-1,-1,-1
299,79,121.00,169.00,113.00,54.00,0.79,-1,-1,-1
300,80,752.00,222.00,213.00,92.00,0.86,-1,-1,-1
300,79,148.00,146.00,101.00,57.00,0.86,-1,-1,-1
300,74,1108.00,377.00,171.00,168.00,0.83,-1,-1,-1
301,80,334.00,173.00,132.00,65.00,0.86,-1,-1,-1
301,74,1112.00,379.00,168.00,165.00,0.85,-1,-1,-1
301,79,0.00,128.00,70.00,48.00,0.75,-1,-1,-1
302,80,98.00,145.00,97.00,50.00,0.85,-1,-1,-1
302,74,1113.00,378.00,167.00,166.00,0.85,-1,-1,-1
303,74,1113.00,379.00,167.00,165.00,0.85,-1,-1,-1
304,74,1113.00,379.00,167.00,165.00,0.85,-1,-1,-1
305,74,1113.00,380.00,167.00,164.00,0.85,-1,-1,-1
306,74,1113.00,379.00,167.00,165.00,0.85,-1,-1,-1
307,74,1131.00,376.00,149.00,167.00,0.80,-1,-1,-1
308,81,561.00,205.00,156.00,75.00,0.90,-1,-1,-1
309,81,208.00,161.00,107.00,55.00,0.83,-1,-1,-1
310,81,1.00,135.00,82.00,44.00,0.83,-1,-1,-1
317,82,0.00,203.00,114.00,75.00,0.88,-1,-1,-1
318,82,60.00,222.00,158.00,86.00,0.94,-1,-1,-1
319,82,140.00,239.00,175.00,95.00,0.90,-1,-1,-1
319,83,947.00,232.00,213.00,78.00,0.85,-1,-1,-1
320,82,207.00,254.00,198.00,107.00,0.90,-1,-1,-1
320,84,620.00,227.00,201.00,73.00,0.74,-1,-1,-1
321,82,262.00,266.00,214.00,116.00,0.90,-1,-1,-1
321,85,359.00,205.00,157.00,66.00,0.89,-1,-1,-1
322,82,293.00,273.00,227.00,119.00,0.90,-1,-1,-1
322,85,171.00,182.00,121.00,55.00,0.85,-1,-1,-1
323,82,305.00,275.00,230.00,122.00,0.91,-1,-1,-1
323,85,16.00,159.00,100.00,53.00,0.71,-1,-1,-1
324,82,306.00,275.00,229.00,122.00,0.91,-1,-1,-1
325,82,306.00,275.00,229.00,122.00,0.91,-1,-1,-1
326,82,306.00,275.00,229.00,122.00,0.91,-1,-1,-1
327,82,306.00,275.00,229.00,122.00,0.91,-1,-1,-1
327,86,0.00,266.00,107.00,120.00,0.80,-1,-1,-1
328,86,7.00,306.00,248.00,142.00,0.94,-1,-1,-1
328,82,306.00,275.00,229.00,122.00,0.91,-1,-1,-1
329,86,91.00,337.00,282.00,162.00,0.93,-1,-1,-1
329,82,306.00,275.00,229.00,123.00,0.91,-1,-1,-1
330,86,133.00,349.00,298.00,172.00,0.93,-1,-1,-1
330,82,306.00,275.00,229.00,122.00,0.91,-1,-1,-1
331,86,145.00,352.00,309.00,179.00,0.92,-1,-1,-1
331,82,306.00,275.00,229.00,122.00,0.91,-1,-1,-1
332,86,147.00,352.00,308.00,180.00,0.92,-1,-1,-1
332,82,306.00,275.00,229.00,122.00,0.91,-1,-1,-1
333,86,146.00,352.00,309.00,180.00,0.92,-1,-1,-1
333,82,306.00,275.00,229.00,122.00,0.91,-1,-1,-1
334,82,310.00,277.00,231.00,122.00,0.93,-1,-1,-1
334,86,147.00,352.00,308.00,180.00,0.92,-1,-1,-1
335,86,147.00,352.00,308.00,180.00,0.92,-1,-1,-1
335,82,333.00,282.00,239.00,125.00,0.91,-1,-1,-1
335,87,0.00,196.00,94.00,85.00,0.86,-1,-1,-1
336,87,33.00,215.00,154.00,89.00,0.93,-1,-1,-1
336,86,148.00,351.00,309.00,182.00,0.92,-1,-1,-1
336,82,411.00,296.00,262.00,136.00,0.91,-1,-1,-1
337,82,564.00,320.00,317.00,145.00,0.93,-1,-1,-1
337,86,175.00,363.00,323.00,186.00,0.91,-1,-1,-1
337,87,121.00,233.00,172.00,104.00,0.89,-1,-1,-1
337,88,0.00,244.00,78.00,117.00,0.80,-1,-1,-1
338,86,297.00,407.00,378.00,220.00,0.93,-1,-1,-1
338,82,797.00,336.00,364.00,150.00,0.89,-1,-1,-1
338,87,225.00,255.00,199.00,121.00,0.88,-1,-1,-1
338,88,0.00,251.00,123.00,132.00,0.84,-1,-1,-1
339,87,363.00,281.00,248.00,140.00,0.92,-1,-1,-1
339,89,597.00,497.00,438.00,217.00,0.90,-1,-1,-1
339,88,0.00,267.00,178.00,135.00,0.90,-1,-1,-1
339,90,1101.00,334.00,179.00,140.00,0.85,-1,-1,-1
339,91,0.00,200.00,64.00,76.00,0.68,-1,-1,-1
340,88,50.00,296.00,249.00,153.00,0.94,-1,-1,-1
340,87,586.00,313.00,299.00,150.00,0.92,-1,-1,-1
340,91,18.00,221.00,169.00,87.00,0.90,-1,-1,-1
341,87,888.00,319.00,331.00,154.00,0.94,-1,-1,-1
341,88,241.00,349.00,315.00,196.00,0.93,-1,-1,-1
341,91,175.00,254.00,209.00,109.00,0.86,-1,-1,-1
342,88,449.00,312.00,301.00,153.00,0.90,-1,-1,-1
342,92,693.00,465.00,484.00,247.00,0.89,-1,-1,-1
342,93,1195.00,301.00,85.00,136.00,0.77,-1,-1,-1
343,88,1021.00,424.00,256.00,206.00,0.83,-1,-1,-1
343,94,2.00,171.00,175.00,220.00,0.65,-1,-1,-1
344,94,18.00,220.00,527.00,305.00,0.88,-1,-1,-1
345,95,28.00,219.00,158.00,83.00,0.93,-1,-1,-1
345,96,265.00,245.00,552.00,256.00,0.85,-1,-1,-1
346,95,201.00,256.00,202.00,110.00,0.87,-1,-1,-1
346,97,1167.00,486.00,113.00,234.00,0.52,-1,-1,-1
347,98,0.00,279.00,244.00,163.00,0.93,-1,-1,-1
347,95,423.00,298.00,276.00,137.00,0.90,-1,-1,-1
348,98,319.00,378.00,444.00,280.00,0.96,-1,-1,-1
348,95,729.00,337.00,352.00,150.00,0.92,-1,-1,-1
349,95,1100.00,343.00,179.00,144.00,0.85,-1,-1,-1
350,99,0.00,238.00,64.00,130.00,0.69,-1,-1,-1
351,99,223.00,376.00,330.00,208.00,0.94,-1,-1,-1
361,100,0.00,189.00,64.00,78.00,0.76,-1,-1,-1
362,100,228.00,250.00,194.00,121.00,0.89,-1,-1,-1
370,101,363.00,144.00,38.00,32.00,0.64,-1,-1,-1
371,101,345.00,156.00,44.00,36.00,0.82,-1,-1,-1
372,101,318.00,172.00,53.00,46.00,0.85,-1,-1,-1
372,102,378.00,138.00,32.00,28.00,0.57,-1,-1,-1
373,101,278.00,197.00,67.00,57.00,0.84,-1,-1,-1
373,102,361.00,148.00,38.00,34.00,0.76,-1,-1,-1
374,101,211.00,237.00,91.00,77.00,0.90,-1,-1,-1
374,102,336.00,163.00,47.00,41.00,0.83,-1,-1,-1
375,101,86.00,306.00,142.00,122.00,0.91,-1,-1,-1
375,102,299.00,185.00,60.00,52.00,0.85,-1,-1,-1
375,103,358.00,152.00,39.00,32.00,0.76,-1,-1,-1
376,102,241.00,221.00,80.00,68.00,0.88,-1,-1,-1
376,103,334.00,166.00,47.00,39.00,0.81,-1,-1,-1
377,102,126.00,279.00,125.00,109.00,0.90,-1,-1,-1
377,103,301.00,186.00,57.00,48.00,0.85,-1,-1,-1
378,103,248.00,220.00,74.00,61.00,0.86,-1,-1,-1
378,102,0.00,425.00,90.00,234.00,0.64,-1,-1,-1
379,104,918.00,294.00,169.00,119.00,0.90,-1,-1,-1
379,103,156.00,272.00,108.00,85.00,0.90,-1,-1,-1
380,103,0.00,386.00,146.00,155.00,0.91,-1,-1,-1
380,104,775.00,223.00,100.00,73.00,0.90,-1,-1,-1
380,105,372.00,134.00,33.00,32.00,0.56,-1,-1,-1
381,104,702.00,185.00,71.00,53.00,0.84,-1,-1,-1
381,105,359.00,142.00,38.00,38.00,0.72,-1,-1,-1
382,104,658.00,160.00,54.00,43.00,0.83,-1,-1,-1
382,105,341.00,152.00,44.00,44.00,0.78,-1,-1,-1
383,105,314.00,166.00,55.00,52.00,0.83,-1,-1,-1
383,104,629.00,144.00,44.00,35.00,0.80,-1,-1,-1
384,105,276.00,186.00,68.00,64.00,0.86,-1,-1,-1
384,104,608.00,133.00,36.00,29.00,0.77,-1,-1,-1
385,105,216.00,215.00,87.00,83.00,0.89,-1,-1,-1
385,104,591.00,125.00,30.00,25.00,0.77,-1,-1,-1
385,106,368.00,150.00,38.00,32.00,0.65,-1,-1,-1
386,105,114.00,259.00,124.00,118.00,0.93,-1,-1,-1
386,106,343.00,168.00,47.00,40.00,0.80,-1,-1,-1
386,104,577.00,118.00,27.00,22.00,0.69,-1,-1,-1
387,106,301.00,198.00,63.00,51.00,0.84,-1,-1,-1
387,105,1.00,349.00,115.00,220.00,0.83,-1,-1,-1
387,104,567.00,113.00,24.00,19.00,0.64,-1,-1,-1
388,106,226.00,248.00,92.00,71.00,0.85,-1,-1,-1
389,106,56.00,348.00,166.00,136.00,0.90,-1,-1,-1
405,107,0.00,380.00,240.00,147.00,0.90,-1,-1,-1
406,107,277.00,323.00,292.00,124.00,0.91,-1,-1,-1
406,108,429.00,161.00,41.00,36.00,0.60,-1,-1,-1
407,107,559.00,273.00,188.00,94.00,0.87,-1,-1,-1
407,108,422.00,174.00,48.00,43.00,0.71,-1,-1,-1
408,107,699.00,236.00,104.00,74.00,0.89,-1,-1,-1
408,109,0.00,346.00,209.00,129.00,0.84,-1,-1,-1
408,108,415.00,188.00,55.00,49.00,0.80,-1,-1,-1
409,109,472.00,260.00,184.00,100.00,0.87,-1,-1,-1
409,107,721.00,208.00,78.00,60.00,0.85,-1,-1,-1
409,108,409.00,202.00,60.00,54.00,0.82,-1,-1,-1
410,109,692.00,218.00,93.00,69.00,0.85,-1,-1,-1
410,108,401.00,212.00,67.00,61.00,0.83,-1,-1,-1
410,110,692.00,185.00,69.00,45.00,0.75,-1,-1,-1
411,108,397.00,220.00,71.00,66.00,0.84,-1,-1,-1
411,109,704.00,185.00,69.00,58.00,0.82,-1,-1,-1
411,110,663.00,165.00,58.00,44.00,0.81,-1,-1,-1
412,108,395.00,226.00,72.00,66.00,0.85,-1,-1,-1
412,109,641.00,158.00,64.00,52.00,0.80,-1,-1,-1
413,108,394.00,228.00,73.00,65.00,0.86,-1,-1,-1
413,109,593.00,146.00,49.00,38.00,0.78,-1,-1,-1
413,111,622.00,140.00,41.00,33.00,0.65,-1,-1,-1
414,108,394.00,228.00,73.00,65.00,0.86,-1,-1,-1
414,111,603.00,132.00,37.00,27.00,0.74,-1,-1,-1
414,109,560.00,133.00,37.00,32.00,0.66,-1,-1,-1
415,108,394.00,228.00,73.00,65.00,0.86,-1,-1,-1
415,111,588.00,124.00,33.00,25.00,0.71,-1,-1,-1
415,109,540.00,124.00,31.00,26.00,0.57,-1,-1,-1
416,108,394.00,228.00,73.00,65.00,0.86,-1,-1,-1
416,111,577.00,117.00,30.00,23.00,0.71,-1,-1,-1
417,112,82.00,325.00,254.00,125.00,0.91,-1,-1,-1
417,108,394.00,228.00,73.00,65.00,0.86,-1,-1,-1
417,111,571.00,112.00,24.00,20.00,0.68,-1,-1,-1
418,112,417.00,278.00,190.00,96.00,0.90,-1,-1,-1
418,108,394.00,228.00,72.00,65.00,0.85,-1,-1,-1
419,112,618.00,238.00,123.00,78.00,0.90,-1,-1,-1
419,108,394.00,228.00,73.00,65.00,0.86,-1,-1,-1
420,108,394.00,228.00,73.00,65.00,0.86,-1,-1,-1
420,112,701.00,210.00,74.00,63.00,0.85,-1,-1,-1
421,108,394.00,228.00,73.00,65.00,0.86,-1,-1,-1
421,112,699.00,187.00,64.00,52.00,0.85,-1,-1,-1
422,108,394.00,228.00,73.00,65.00,0.86,-1,-1,-1
422,112,671.00,167.00,56.00,45.00,0.83,-1,-1,-1
423,108,394.00,228.00,73.00,65.00,0.86,-1,-1,-1
423,112,645.00,153.00,48.00,37.00,0.84,-1,-1,-1
424,108,394.00,228.00,73.00,65.00,0.86,-1,-1,-1
424,112,622.00,140.00,41.00,32.00,0.82,-1,-1,-1
425,108,394.00,228.00,73.00,65.00,0.86,-1,-1,-1
425,112,608.00,131.00,33.00,27.00,0.78,-1,-1,-1
426,108,394.00,228.00,73.00,65.00,0.86,-1,-1,-1
426,112,599.00,124.00,29.00,24.00,0.73,-1,-1,-1
427,108,394.00,229.00,73.00,65.00,0.86,-1,-1,-1
427,112,591.00,117.00,26.00,21.00,0.64,-1,-1,-1
428,108,393.00,230.00,74.00,65.00,0.85,-1,-1,-1
429,108,393.00,231.00,74.00,66.00,0.84,-1,-1,-1
430,108,392.00,232.00,76.00,67.00,0.85,-1,-1,-1
431,108,390.00,235.00,77.00,68.00,0.89,-1,-1,-1
432,108,389.00,238.00,78.00,68.00,0.87,-1,-1,-1
433,108,386.00,243.00,80.00,71.00,0.88,-1,-1,-1
434,108,381.00,256.00,84.00,80.00,0.86,-1,-1,-1
435,108,369.00,284.00,100.00,96.00,0.87,-1,-1,-1
436,108,345.00,333.00,126.00,126.00,0.89,-1,-1,-1
437,108,283.00,438.00,190.00,206.00,0.93,-1,-1,-1
437,113,811.00,501.00,285.00,217.00,0.92,-1,-1,-1
438,113,715.00,371.00,178.00,143.00,0.89,-1,-1,-1
439,113,660.00,291.00,123.00,100.00,0.90,-1,-1,-1
439,114,1109.00,417.00,171.00,217.00,0.86,-1,-1,-1
440,115,787.00,437.00,240.00,191.00,0.94,-1,-1,-1
440,114,915.00,303.00,210.00,138.00,0.90,-1,-1,-1
440,113,621.00,240.00,92.00,75.00,0.82,-1,-1,-1
441,114,802.00,244.00,136.00,95.00,0.91,-1,-1,-1
441,115,699.00,326.00,152.00,124.00,0.90,-1,-1,-1
441,113,595.00,206.00,71.00,58.00,0.82,-1,-1,-1
442,116,1025.00,351.00,234.00,134.00,0.92,-1,-1,-1
442,115,643.00,261.00,109.00,88.00,0.91,-1,-1,-1
442,114,728.00,204.00,96.00,70.00,0.88,-1,-1,-1
442,113,577.00,180.00,58.00,48.00,0.80,-1,-1,-1
443,116,864.00,265.00,139.00,88.00,0.91,-1,-1,-1
443,115,607.00,219.00,82.00,69.00,0.85,-1,-1,-1
443,114,677.00,176.00,74.00,56.00,0.84,-1,-1,-1
443,113,567.00,162.00,47.00,40.00,0.76,-1,-1,-1
444,116,765.00,217.00,94.00,64.00,0.88,-1,-1,-1
444,115,584.00,189.00,63.00,55.00,0.83,-1,-1,-1
444,114,643.00,156.00,58.00,46.00,0.82,-1,-1,-1
444,113,557.00,147.00,42.00,35.00,0.70,-1,-1,-1
445,116,701.00,185.00,70.00,49.00,0.85,-1,-1,-1
445,115,569.00,169.00,51.00,46.00,0.84,-1,-1,-1
445,114,619.00,140.00,48.00,39.00,0.83,-1,-1,-1
445,113,552.00,138.00,35.00,29.00,0.64,-1,-1,-1
446,116,659.00,162.00,56.00,40.00,0.84,-1,-1,-1
446,115,557.00,154.00,44.00,36.00,0.80,-1,-1,-1
446,114,601.00,131.00,40.00,32.00,0.76,-1,-1,-1
447,116,631.00,146.00,44.00,33.00,0.80,-1,-1,-1
447,115,549.00,142.00,36.00,32.00,0.74,-1,-1,-1
447,114,586.00,123.00,33.00,28.00,0.73,-1,-1,-1
448,116,610.00,134.00,36.00,30.00,0.77,-1,-1,-1
448,114,574.00,116.00,29.00,24.00,0.67,-1,-1,-1
449,116,592.00,126.00,31.00,24.00,0.72,-1,-1,-1
449,114,564.00,110.00,25.00,22.00,0.52,-1,-1,-1
450,116,578.00,118.00,27.00,22.00,0.61,-1,-1,-1
451,116,566.00,112.00,24.00,20.00,0.52,-1,-1,-1
466,117,617.00,493.00,346.00,223.00,0.96,-1,-1,-1
466,118,1161.00,459.00,118.00,189.00,0.86,-1,-1,-1
466,119,367.00,138.00,34.00,33.00,0.60,-1,-1,-1
467,117,523.00,419.00,276.00,204.00,0.96,-1,-1,-1
467,120,848.00,274.00,131.00,85.00,0.91,-1,-1,-1
467,119,349.00,149.00,41.00,39.00,0.75,-1,-1,-1
468,117,473.00,389.00,246.00,174.00,0.95,-1,-1,-1
468,120,730.00,208.00,80.00,58.00,0.85,-1,-1,-1
468,119,323.00,165.00,50.00,46.00,0.82,-1,-1,-1
469,117,437.00,369.00,236.00,169.00,0.92,-1,-1,-1
469,120,671.00,174.00,58.00,43.00,0.86,-1,-1,-1
469,119,283.00,188.00,65.00,58.00,0.84,-1,-1,-1
470,117,387.00,354.00,240.00,150.00,0.95,-1,-1,-1
470,121,776.00,549.00,432.00,171.00,0.90,-1,-1,-1
470,119,216.00,223.00,88.00,79.00,0.88,-1,-1,-1
470,120,637.00,152.00,46.00,34.00,0.84,-1,-1,-1
471,122,692.00,488.00,377.00,229.00,0.96,-1,-1,-1
471,117,329.00,337.00,240.00,143.00,0.93,-1,-1,-1
471,119,93.00,283.00,134.00,124.00,0.91,-1,-1,-1
471,120,612.00,137.00,39.00,30.00,0.79,-1,-1,-1
472,122,600.00,439.00,339.00,223.00,0.95,-1,-1,-1
472,117,230.00,326.00,252.00,131.00,0.91,-1,-1,-1
472,120,594.00,128.00,32.00,24.00,0.77,-1,-1,-1
472,123,1.00,446.00,52.00,232.00,0.62,-1,-1,-1
473,124,971.00,485.00,309.00,232.00,0.94,-1,-1,-1
473,122,454.00,390.00,313.00,187.00,0.94,-1,-1,-1
473,117,51.00,318.00,271.00,117.00,0.90,-1,-1,-1
473,120,580.00,120.00,28.00,22.00,0.75,-1,-1,-1
473,125,1083.00,621.00,196.00,99.00,0.67,-1,-1,-1
474,122,270.00,360.00,307.00,159.00,0.94,-1,-1,-1
474,124,743.00,296.00,165.00,123.00,0.90,-1,-1,-1
474,125,0.00,319.00,84.00,110.00,0.84,-1,-1,-1
474,120,568.00,114.00,24.00,20.00,0.61,-1,-1,-1
475,122,33.00,347.00,301.00,133.00,0.91,-1,-1,-1
475,124,648.00,231.00,104.00,75.00,0.88,-1,-1,-1
476,124,602.00,191.00,73.00,59.00,0.84,-1,-1,-1
476,126,0.00,349.00,39.00,107.00,0.56,-1,-1,-1
477,124,575.00,167.00,59.00,48.00,0.83,-1,-1,-1
478,124,559.00,150.00,48.00,39.00,0.77,-1,-1,-1
479,124,552.00,139.00,38.00,33.00,0.73,-1,-1,-1
480,124,543.00,129.00,36.00,31.00,0.59,-1,-1,-1
481,127,1153.00,269.00,126.00,216.00,0.70,-1,-1,-1
482,128,873.00,199.00,406.00,320.00,0.93,-1,-1,-1
483,128,763.00,149.00,242.00,194.00,0.93,-1,-1,-1
483,129,738.00,341.00,176.00,128.00,0.89,-1,-1,-1
484,128,697.00,134.00,157.00,135.00,0.91,-1,-1,-1
484,129,615.00,219.00,84.00,65.00,0.84,-1,-1,-1
485,128,656.00,121.00,116.00,106.00,0.91,-1,-1,-1
485,129,573.00,172.00,54.00,44.00,0.82,-1,-1,-1
486,128,630.00,111.00,89.00,86.00,0.91,-1,-1,-1
486,129,558.00,146.00,40.00,34.00,0.75,-1,-1,-1
487,128,609.00,107.00,76.00,70.00,0.86,-1,-1,-1
487,129,554.00,132.00,29.00,26.00,0.58,-1,-1,-1
488,128,596.00,101.00,63.00,62.00,0.81,-1,-1,-1
489,128,584.00,97.00,54.00,56.00,0.76,-1,-1,-1
490,128,574.00,94.00,49.00,50.00,0.67,-1,-1,-1
491,128,565.00,92.00,44.00,45.00,0.62,-1,-1,-1
492,128,555.00,88.00,42.00,43.00,0.62,-1,-1,-1
498,130,0.00,406.00,155.00,136.00,0.82,-1,-1,-1
499,130,190.00,364.00,304.00,140.00,0.92,-1,-1,-1
500,130,497.00,318.00,240.00,120.00,0.92,-1,-1,-1
501,130,699.00,280.00,156.00,94.00,0.92,-1,-1,-1
502,130,791.00,247.00,93.00,77.00,0.87,-1,-1,-1
503,130,799.00,221.00,74.00,64.00,0.86,-1,-1,-1
504,130,780.00,200.00,68.00,55.00,0.85,-1,-1,-1
504,131,0.00,399.00,135.00,114.00,0.75,-1,-1,-1
505,131,464.00,297.00,225.00,107.00,0.92,-1,-1,-1
505,130,757.00,183.00,62.00,47.00,0.84,-1,-1,-1
506,130,733.00,169.00,54.00,42.00,0.86,-1,-1,-1
506,131,743.00,244.00,112.00,74.00,0.85,-1,-1,-1
507,130,707.00,158.00,50.00,37.00,0.85,-1,-1,-1
507,131,776.00,210.00,75.00,57.00,0.82,-1,-1,-1
508,131,725.00,185.00,72.00,47.00,0.85,-1,-1,-1
508,130,684.00,148.00,44.00,33.00,0.84,-1,-1,-1
509,131,683.00,168.00,60.00,39.00,0.86,-1,-1,-1
509,130,666.00,140.00,39.00,30.00,0.80,-1,-1,-1
510,131,648.00,150.00,51.00,38.00,0.79,-1,-1,-1
510,130,649.00,134.00,36.00,26.00,0.68,-1,-1,-1
511,131,619.00,141.00,44.00,31.00,0.75,-1,-1,-1
511,130,637.00,128.00,32.00,25.00,0.64,-1,-1,-1
512,131,599.00,133.00,36.00,27.00,0.80,-1,-1,-1
512,130,627.00,124.00,28.00,23.00,0.64,-1,-1,-1
513,131,585.00,126.00,31.00,24.00,0.77,-1,-1,-1
513,130,617.00,119.00,27.00,22.00,0.63,-1,-1,-1
514,131,573.00,120.00,28.00,22.00,0.67,-1,-1,-1
514,130,609.00,115.00,25.00,21.00,0.62,-1,-1,-1
515,130,600.00,112.00,24.00,19.00,0.54,-1,-1,-1
515,131,564.00,116.00,25.00,18.00,0.53,-1,-1,-1
518,132,340.00,130.00,29.00,24.00,0.60,-1,-1,-1
519,132,323.00,136.00,34.00,28.00,0.59,-1,-1,-1
520,132,305.00,144.00,36.00,31.00,0.79,-1,-1,-1
521,132,285.00,153.00,41.00,36.00,0.74,-1,-1,-1
522,132,263.00,164.00,46.00,40.00,0.80,-1,-1,-1
523,132,236.00,176.00,54.00,46.00,0.80,-1,-1,-1
524,132,205.00,189.00,62.00,52.00,0.84,-1,-1,-1
525,132,165.00,206.00,74.00,58.00,0.85,-1,-1,-1
526,132,96.00,225.00,98.00,68.00,0.86,-1,-1,-1
527,132,0.00,251.00,101.00,79.00,0.89,-1,-1,-1
532,133,932.00,557.00,345.00,163.00,0.89,-1,-1,-1
533,133,783.00,383.00,200.00,137.00,0.93,-1,-1,-1
534,133,700.00,295.00,129.00,91.00,0.91,-1,-1,-1
535,133,649.00,240.00,94.00,67.00,0.85,-1,-1,-1
536,133,613.00,204.00,71.00,54.00,0.84,-1,-1,-1
537,133,587.00,179.00,57.00,44.00,0.82,-1,-1,-1
538,133,570.00,160.00,46.00,37.00,0.79,-1,-1,-1
539,133,558.00,147.00,40.00,31.00,0.76,-1,-1,-1
539,134,353.00,126.00,29.00,24.00,0.51,-1,-1,-1
540,134,341.00,131.00,32.00,27.00,0.70,-1,-1,-1
540,133,549.00,136.00,33.00,28.00,0.61,-1,-1,-1
541,134,326.00,138.00,37.00,29.00,0.84,-1,-1,-1
542,134,309.00,146.00,40.00,32.00,0.83,-1,-1,-1
543,134,289.00,153.00,45.00,38.00,0.81,-1,-1,-1
543,135,350.00,133.00,28.00,24.00,0.56,-1,-1,-1
553,136,703.00,388.00,268.00,162.00,0.93,-1,-1,-1
554,136,476.00,317.00,87.00,62.00,0.84,-1,-1,-1
555,137,711.00,346.00,229.00,128.00,0.86,-1,-1,-1
555,136,415.00,296.00,48.00,39.00,0.76,-1,-1,-1
556,137,502.00,301.00,76.00,51.00,0.82,-1,-1,-1
556,136,387.00,288.00,35.00,29.00,0.63,-1,-1,-1
557,137,439.00,286.00,42.00,33.00,0.77,-1,-1,-1
557,136,373.00,283.00,26.00,23.00,0.55,-1,-1,-1
558,137,407.00,281.00,30.00,24.00,0.58,-1,-1,-1
563,138,704.00,378.00,268.00,151.00,0.93,-1,-1,-1
564,139,585.00,375.00,248.00,178.00,0.91,-1,-1,-1
564,138,474.00,311.00,82.00,55.00,0.84,-1,-1,-1
565,139,454.00,317.00,84.00,65.00,0.83,-1,-1,-1
565,138,413.00,292.00,45.00,34.00,0.73,-1,-1,-1
566,139,409.00,296.00,49.00,41.00,0.74,-1,-1,-1
566,138,386.00,285.00,31.00,26.00,0.52,-1,-1,-1
567,139,387.00,289.00,32.00,29.00,0.68,-1,-1,-1
577,140,240.00,289.00,29.00,25.00,0.51,-1,-1,-1
578,140,224.00,293.00,36.00,31.00,0.73,-1,-1,-1
579,140,203.00,300.00,44.00,39.00,0.79,-1,-1,-1
580,140,173.00,307.00,59.00,54.00,0.84,-1,-1,-1
581,140,124.00,323.00,84.00,74.00,0.88,-1,-1,-1
582,140,47.00,347.00,125.00,112.00,0.88,-1,-1,-1
582,141,212.00,292.00,27.00,23.00,0.64,-1,-1,-1
583,142,55.00,322.00,76.00,61.00,0.82,-1,-1,-1
583,140,0.00,373.00,123.00,200.00,0.82,-1,-1,-1
583,141,191.00,297.00,33.00,26.00,0.74,-1,-1,-1
584,142,0.00,338.00,87.00,83.00,0.85,-1,-1,-1
584,141,167.00,303.00,39.00,31.00,0.77,-1,-1,-1
585,141,142.00,307.00,48.00,38.00,0.85,-1,-1,-1
585,143,0.00,359.00,34.00,88.00,0.70,-1,-1,-1
586,141,111.00,316.00,57.00,45.00,0.82,-1,-1,-1
587,141,76.00,322.00,69.00,56.00,0.84,-1,-1,-1
588,141,42.00,333.00,81.00,63.00,0.86,-1,-1,-1
589,141,5.00,340.00,95.00,76.00,0.85,-1,-1,-1
590,141,0.00,350.00,81.00,82.00,0.85,-1,-1,-1
591,141,0.00,356.00,66.00,92.00,0.83,-1,-1,-1
591,144,230.00,296.00,35.00,30.00,0.71,-1,-1,-1
592,144,212.00,303.00,41.00,36.00,0.74,-1,-1,-1
592,141,0.00,358.00,51.00,103.00,0.73,-1,-1,-1
593,144,190.00,309.00,54.00,46.00,0.81,-1,-1,-1
593,141,0.00,363.00,45.00,106.00,0.75,-1,-1,-1
593,145,236.00,288.00,30.00,30.00,0.58,-1,-1,-1
594,144,165.00,318.00,68.00,57.00,0.83,-1,-1,-1
594,141,0.00,363.00,44.00,96.00,0.76,-1,-1,-1
594,145,225.00,291.00,35.00,34.00,0.70,-1,-1,-1
595,144,139.00,327.00,81.00,68.00,0.87,-1,-1,-1
595,141,0.00,363.00,44.00,96.00,0.77,-1,-1,-1
595,145,213.00,293.00,42.00,40.00,0.74,-1,-1,-1
596,144,115.00,334.00,93.00,81.00,0.89,-1,-1,-1
596,145,200.00,295.00,48.00,48.00,0.78,-1,-1,-1
596,141,0.00,363.00,44.00,95.00,0.77,-1,-1,-1
597,144,96.00,341.00,103.00,88.00,0.88,-1,-1,-1
597,145,185.00,298.00,56.00,55.00,0.82,-1,-1,-1
597,141,0.00,363.00,44.00,95.00,0.77,-1,-1,-1
598,144,82.00,347.00,111.00,94.00,0.88,-1,-1,-1
598,145,171.00,301.00,65.00,64.00,0.84,-1,-1,-1
598,141,0.00,364.00,45.00,99.00,0.76,-1,-1,-1
599,144,73.00,349.00,114.00,101.00,0.90,-1,-1,-1
599,145,160.00,305.00,68.00,68.00,0.85,-1,-1,-1
599,141,0.00,364.00,45.00,99.00,0.76,-1,-1,-1
600,144,67.00,352.00,118.00,103.00,0.90,-1,-1,-1
600,145,151.00,307.00,73.00,72.00,0.85,-1,-1,-1
600,141,0.00,364.00,44.00,100.00,0.76,-1,-1,-1
601,144,64.00,354.00,120.00,104.00,0.90,-1,-1,-1
601,145,145.00,310.00,75.00,71.00,0.85,-1,-1,-1
601,141,0.00,365.00,44.00,98.00,0.76,-1,-1,-1
602,144,64.00,354.00,120.00,104.00,0.90,-1,-1,-1
602,145,141.00,310.00,78.00,77.00,0.86,-1,-1,-1
602,141,0.00,364.00,44.00,99.00,0.76,-1,-1,-1
603,144,63.00,354.00,121.00,105.00,0.90,-1,-1,-1
603,145,141.00,311.00,77.00,74.00,0.84,-1,-1,-1
603,141,0.00,364.00,44.00,100.00,0.76,-1,-1,-1
604,144,64.00,354.00,120.00,107.00,0.90,-1,-1,-1
604,145,140.00,312.00,79.00,73.00,0.84,-1,-1,-1
604,141,0.00,364.00,44.00,100.00,0.76,-1,-1,-1
605,144,64.00,355.00,120.00,105.00,0.90,-1,-1,-1
605,145,140.00,312.00,79.00,73.00,0.85,-1,-1,-1
605,141,0.00,364.00,44.00,100.00,0.76,-1,-1,-1
606,144,64.00,355.00,120.00,104.00,0.90,-1,-1,-1
606,145,139.00,313.00,79.00,71.00,0.84,-1,-1,-1
606,141,0.00,364.00,44.00,100.00,0.76,-1,-1,-1
607,144,64.00,355.00,120.00,104.00,0.90,-1,-1,-1
607,145,139.00,313.00,79.00,71.00,0.84,-1,-1,-1
607,141,0.00,364.00,44.00,100.00,0.76,-1,-1,-1
608,144,63.00,354.00,121.00,105.00,0.90,-1,-1,-1
608,145,139.00,313.00,79.00,71.00,0.85,-1,-1,-1
608,141,0.00,364.00,44.00,100.00,0.76,-1,-1,-1
609,144,64.00,354.00,120.00,105.00,0.90,-1,-1,-1
609,145,139.00,312.00,79.00,73.00,0.86,-1,-1,-1
609,141,0.00,364.00,44.00,101.00,0.76,-1,-1,-1
610,144,64.00,354.00,120.00,105.00,0.90,-1,-1,-1
610,145,139.00,312.00,79.00,73.00,0.86,-1,-1,-1
610,141,0.00,364.00,44.00,101.00,0.76,-1,-1,-1
611,144,64.00,354.00,120.00,105.00,0.90,-1,-1,-1
611,145,139.00,313.00,79.00,72.00,0.86,-1,-1,-1
611,141,0.00,364.00,44.00,101.00,0.76,-1,-1,-1
611,146,242.00,292.00,28.00,25.00,0.51,-1,-1,-1
612,144,64.00,355.00,120.00,104.00,0.90,-1,-1,-1
612,145,139.00,313.00,79.00,72.00,0.85,-1,-1,-1
612,141,0.00,364.00,44.00,101.00,0.76,-1,-1,-1
612,146,233.00,295.00,35.00,28.00,0.64,-1,-1,-1
613,144,64.00,355.00,120.00,104.00,0.90,-1,-1,-1
613,145,139.00,313.00,79.00,72.00,0.85,-1,-1,-1
613,141,0.00,364.00,44.00,101.00,0.76,-1,-1,-1
613,146,223.00,297.00,38.00,33.00,0.66,-1,-1,-1
614,144,61.00,355.00,122.00,106.00,0.90,-1,-1,-1
614,145,139.00,312.00,80.00,73.00,0.85,-1,-1,-1
614,141,0.00,366.00,41.00,97.00,0.75,-1,-1,-1
614,146,213.00,301.00,44.00,36.00,0.71,-1,-1,-1
615,144,55.00,357.00,126.00,110.00,0.91,-1,-1,-1
615,145,138.00,312.00,80.00,73.00,0.86,-1,-1,-1
615,146,210.00,304.00,43.00,40.00,0.71,-1,-1,-1
615,141,0.00,373.00,30.00,89.00,0.66,-1,-1,-1
616,144,27.00,368.00,139.00,127.00,0.91,-1,-1,-1
616,145,136.00,313.00,81.00,76.00,0.86,-1,-1,-1
616,146,205.00,306.00,45.00,43.00,0.73,-1,-1,-1
617,145,128.00,314.00,86.00,86.00,0.90,-1,-1,-1
617,144,0.00,405.00,129.00,210.00,0.80,-1,-1,-1
617,146,202.00,309.00,44.00,46.00,0.74,-1,-1,-1
618,145,112.00,316.00,95.00,97.00,0.88,-1,-1,-1
618,146,193.00,310.00,50.00,50.00,0.68,-1,-1,-1
619,145,76.00,325.00,115.00,118.00,0.91,-1,-1,-1
619,146,168.00,314.00,70.00,55.00,0.76,-1,-1,-1
620,145,2.00,344.00,157.00,161.00,0.91,-1,-1,-1
620,147,157.00,319.00,76.00,63.00,0.83,-1,-1,-1
621,147,125.00,330.00,91.00,80.00,0.84,-1,-1,-1
622,147,63.00,353.00,128.00,110.00,0.87,-1,-1,-1
622,148,1060.00,489.00,219.00,231.00,0.78,-1,-1,-1
623,149,613.00,343.00,215.00,128.00,0.92,-1,-1,-1
623,147,0.00,398.00,135.00,206.00,0.80,-1,-1,-1
624,147,800.00,403.00,368.00,202.00,0.93,-1,-1,-1
624,149,479.00,314.00,97.00,64.00,0.88,-1,-1,-1
625,147,543.00,327.00,142.00,90.00,0.90,-1,-1,-1
625,149,425.00,297.00,56.00,44.00,0.80,-1,-1,-1
626,150,729.00,350.00,158.00,85.00,0.89,-1,-1,-1
626,147,456.00,304.00,77.00,54.00,0.84,-1,-1,-1
626,149,397.00,288.00,38.00,34.00,0.63,-1,-1,-1
627,150,549.00,312.00,78.00,48.00,0.85,-1,-1,-1
627,147,414.00,293.00,49.00,37.00,0.75,-1,-1,-1
627,151,379.00,283.00,29.00,26.00,0.60,-1,-1,-1
628,152,695.00,373.00,298.00,172.00,0.94,-1,-1,-1
628,150,470.00,297.00,48.00,32.00,0.79,-1,-1,-1
628,147,392.00,286.00,34.00,29.00,0.65,-1,-1,-1
628,151,367.00,281.00,24.00,21.00,0.54,-1,-1,-1
629,152,511.00,323.00,124.00,76.00,0.90,-1,-1,-1
629,150,427.00,288.00,34.00,25.00,0.69,-1,-1,-1
630,152,442.00,302.00,71.00,50.00,0.84,-1,-1,-1
630,150,403.00,283.00,24.00,20.00,0.56,-1,-1,-1
631,152,404.00,292.00,49.00,37.00,0.78,-1,-1,-1
632,152,384.00,286.00,34.00,29.00,0.65,-1,-1,-1
633,153,816.00,232.00,464.00,340.00,0.61,-1,-1,-1
633,152,369.00,282.00,28.00,25.00,0.52,-1,-1,-1
634,153,641.00,256.00,363.00,190.00,0.89,-1,-1,-1
635,153,539.00,256.00,204.00,124.00,0.85,-1,-1,-1
636,153,483.00,259.00,128.00,88.00,0.89,-1,-1,-1
637,153,447.00,260.00,92.00,71.00,0.85,-1,-1,-1
638,153,425.00,262.00,69.00,55.00,0.78,-1,-1,-1
638,154,219.00,304.00,42.00,37.00,0.71,-1,-1,-1
639,155,168.00,320.00,70.00,60.00,0.83,-1,-1,-1
639,153,403.00,262.00,60.00,46.00,0.75,-1,-1,-1
640,155,56.00,361.00,130.00,117.00,0.91,-1,-1,-1
640,153,391.00,262.00,47.00,41.00,0.73,-1,-1,-1
641,153,380.00,262.00,40.00,36.00,0.67,-1,-1,-1
642,153,371.00,263.00,38.00,34.00,0.52,-1,-1,-1
643,153,366.00,263.00,33.00,32.00,0.52,-1,-1,-1
646,156,1032.00,483.00,247.00,228.00,0.77,-1,-1,-1
647,156,505.00,319.00,98.00,61.00,0.88,-1,-1,-1
648,156,417.00,293.00,48.00,37.00,0.70,-1,-1,-1
649,156,385.00,284.00,30.00,27.00,0.62,-1,-1,-1
666,157,961.00,486.00,315.00,234.00,0.88,-1,-1,-1
667,157,521.00,336.00,118.00,80.00,0.90,-1,-1,-1
668,157,429.00,305.00,59.00,46.00,0.79,-1,-1,-1
669,158,783.00,411.00,320.00,165.00,0.91,-1,-1,-1
669,157,392.00,292.00,39.00,33.00,0.63,-1,-1,-1
670,158,514.00,329.00,110.00,61.00,0.89,-1,-1,-1
670,157,373.00,286.00,30.00,26.00,0.61,-1,-1,-1
671,158,437.00,303.00,58.00,39.00,0.82,-1,-1,-1
672,158,404.00,291.00,36.00,29.00,0.63,-1,-1,-1
673,158,381.00,285.00,31.00,25.00,0.54,-1,-1,-1
676,159,233.00,291.00,32.00,30.00,0.63,-1,-1,-1
677,159,219.00,294.00,38.00,36.00,0.69,-1,-1,-1
678,159,203.00,299.00,46.00,43.00,0.79,-1,-1,-1
679,159,182.00,304.00,56.00,53.00,0.81,-1,-1,-1
680,159,155.00,311.00,70.00,68.00,0.85,-1,-1,-1
681,159,118.00,321.00,90.00,90.00,0.91,-1,-1,-1
682,159,71.00,334.00,116.00,119.00,0.91,-1,-1,-1
683,159,10.00,349.00,154.00,158.00,0.91,-1,-1,-1
684,159,0.00,371.00,137.00,228.00,0.75,-1,-1,-1
706,160,208.00,294.00,34.00,25.00,0.64,-1,-1,-1
707,160,168.00,302.00,45.00,34.00,0.81,-1,-1,-1
708,160,103.00,319.00,63.00,44.00,0.83,-1,-1,-1
709,160,1.00,343.00,83.00,80.00,0.82,-1,-1,-1
713,161,777.00,399.00,299.00,170.00,0.93,-1,-1,-1
714,161,529.00,327.00,114.00,73.00,0.89,-1,-1,-1
715,162,1008.00,412.00,272.00,166.00,0.91,-1,-1,-1
715,161,447.00,304.00,62.00,43.00,0.82,-1,-1,-1
716,162,635.00,327.00,130.00,70.00,0.88,-1,-1,-1
716,161,409.00,291.00,41.00,33.00,0.63,-1,-1,-1
717,162,508.00,303.00,65.00,41.00,0.83,-1,-1,-1
717,161,386.00,285.00,32.00,27.00,0.52,-1,-1,-1
718,163,847.00,433.00,360.00,195.00,0.94,-1,-1,-1
718,161,449.00,290.00,41.00,30.00,0.73,-1,-1,-1
719,163,548.00,337.00,127.00,75.00,0.89,-1,-1,-1
720,163,457.00,307.00,66.00,45.00,0.83,-1,-1,-1
721,163,415.00,294.00,44.00,32.00,0.69,-1,-1,-1
722,163,392.00,287.00,32.00,26.00,0.55,-1,-1,-1
740,164,95.00,451.00,364.00,262.00,0.97,-1,-1,-1
741,165,0.00,373.00,95.00,194.00,0.69,-1,-1,-1
742,165,1167.00,583.00,113.00,137.00,0.76,-1,-1,-1
743,165,981.00,273.00,162.00,130.00,0.91,-1,-1,-1
744,166,782.00,233.00,115.00,122.00,0.90,-1,-1,-1
744,165,913.00,168.00,96.00,78.00,0.88,-1,-1,-1
745,165,880.00,118.00,67.00,56.00,0.83,-1,-1,-1
745,166,777.00,124.00,64.00,65.00,0.82,-1,-1,-1
745,167,1183.00,530.00,97.00,190.00,0.71,-1,-1,-1
746,167,999.00,268.00,162.00,118.00,0.91,-1,-1,-1
746,166,781.00,82.00,43.00,41.00,0.75,-1,-1,-1
746,168,860.00,88.00,51.00,44.00,0.72,-1,-1,-1
746,169,611.00,67.00,43.00,35.00,0.63,-1,-1,-1
747,169,529.00,103.00,68.00,55.00,0.85,-1,-1,-1
747,167,927.00,170.00,96.00,71.00,0.85,-1,-1,-1
747,166,783.00,58.00,34.00,30.00,0.65,-1,-1,-1
747,168,847.00,70.00,42.00,36.00,0.61,-1,-1,-1
748,169,304.00,204.00,145.00,109.00,0.90,-1,-1,-1
748,167,891.00,121.00,66.00,52.00,0.82,-1,-1,-1
748,166,786.00,46.00,25.00,24.00,0.51,-1,-1,-1
749,167,868.00,92.00,52.00,41.00,0.68,-1,-1,-1
750,167,853.00,72.00,43.00,35.00,0.64,-1,-1,-1
755,170,632.00,51.00,38.00,32.00,0.53,-1,-1,-1
756,171,613.00,109.00,66.00,61.00,0.85,-1,-1,-1
756,170,590.00,69.00,49.00,41.00,0.76,-1,-1,-1
757,171,461.00,205.00,134.00,131.00,0.91,-1,-1,-1
757,170,521.00,98.00,70.00,59.00,0.86,-1,-1,-1
758,170,377.00,163.00,120.00,97.00,0.91,-1,-1,-1
759,170,0.00,375.00,211.00,316.00,0.88,-1,-1,-1
759,172,652.00,85.00,43.00,45.00,0.71,-1,-1,-1
760,172,590.00,128.00,71.00,66.00,0.85,-1,-1,-1
761,172,429.00,233.00,138.00,130.00,0.90,-1,-1,-1
762,172,815.00,493.00,238.00,226.00,0.88,-1,-1,-1
762,173,605.00,67.00,42.00,33.00,0.61,-1,-1,-1
763,174,803.00,180.00,88.00,86.00,0.90,-1,-1,-1
763,173,543.00,93.00,58.00,44.00,0.84,-1,-1,-1
764,175,819.00,474.00,234.00,246.00,0.89,-1,-1,-1
764,173,423.00,145.00,93.00,66.00,0.87,-1,-1,-1
764,174,804.00,103.00,56.00,52.00,0.78,-1,-1,-1
765,173,91.00,275.00,215.00,145.00,0.91,-1,-1,-1
765,176,800.00,181.00,85.00,77.00,0.90,-1,-1,-1
765,174,807.00,69.00,39.00,36.00,0.69,-1,-1,-1
766,176,793.00,105.00,51.00,46.00,0.81,-1,-1,-1
766,177,597.00,71.00,44.00,37.00,0.71,-1,-1,-1
766,174,809.00,52.00,30.00,27.00,0.66,-1,-1,-1
767,178,807.00,316.00,143.00,159.00,0.89,-1,-1,-1
767,177,535.00,98.00,62.00,52.00,0.82,-1,-1,-1
767,176,791.00,70.00,37.00,33.00,0.70,-1,-1,-1
768,177,412.00,153.00,100.00,80.00,0.90,-1,-1,-1
768,178,799.00,155.00,74.00,68.00,0.86,-1,-1,-1
768,179,1133.00,488.00,147.00,205.00,0.78,-1,-1,-1
768,176,789.00,52.00,30.00,25.00,0.60,-1,-1,-1
769,177,53.00,301.00,234.00,189.00,0.92,-1,-1,-1
769,180,953.00,209.00,123.00,101.00,0.89,-1,-1,-1
769,178,798.00,98.00,48.00,43.00,0.80,-1,-1,-1
770,180,895.00,130.00,70.00,58.00,0.84,-1,-1,-1
770,178,796.00,69.00,35.00,31.00,0.75,-1,-1,-1
771,180,867.00,91.00,50.00,42.00,0.73,-1,-1,-1
771,178,793.00,53.00,28.00,25.00,0.65,-1,-1,-1
772,180,853.00,69.00,37.00,33.00,0.58,-1,-1,-1
772,178,791.00,42.00,24.00,21.00,0.58,-1,-1,-1
773,180,843.00,55.00,29.00,27.00,0.60,-1,-1,-1
774,181,965.00,224.00,136.00,119.00,0.92,-1,-1,-1
775,181,816.00,268.00,133.00,124.00,0.90,-1,-1,-1
775,182,895.00,128.00,75.00,69.00,0.89,-1,-1,-1
775,183,831.00,38.00,21.00,19.00,0.51,-1,-1,-1
776,181,801.00,140.00,70.00,60.00,0.84,-1,-1,-1
776,182,864.00,87.00,52.00,48.00,0.72,-1,-1,-1
776,184,665.00,73.00,32.00,36.00,0.52,-1,-1,-1
777,184,585.00,126.00,75.00,65.00,0.88,-1,-1,-1
777,181,796.00,90.00,48.00,41.00,0.80,-1,-1,-1
777,182,847.00,64.00,38.00,38.00,0.58,-1,-1,-1
778,184,236.00,336.00,240.00,224.00,0.94,-1,-1,-1
778,181,792.00,64.00,36.00,30.00,0.71,-1,-1,-1
779,181,789.00,50.00,30.00,23.00,0.69,-1,-1,-1
780,181,789.00,39.00,22.00,20.00,0.63,-1,-1,-1
781,181,788.00,31.00,19.00,17.00,0.51,-1,-1,-1
784,185,618.00,91.00,60.00,54.00,0.84,-1,-1,-1
785,185,456.00,177.00,125.00,111.00,0.91,-1,-1,-1
789,186,611.00,66.00,41.00,33.00,0.54,-1,-1,-1
790,186,557.00,90.00,54.00,43.00,0.81,-1,-1,-1
791,186,456.00,136.00,83.00,63.00,0.85,-1,-1,-1
792,186,196.00,246.00,174.00,129.00,0.92,-1,-1,-1
830,187,214.00,557.00,422.00,163.00,0.88,-1,-1,-1
831,187,2.00,433.00,233.00,236.00,0.90,-1,-1,-1
837,188,606.00,105.00,66.00,60.00,0.84,-1,-1,-1
838,188,441.00,209.00,139.00,127.00,0.92,-1,-1,-1
840,189,623.00,573.00,306.00,147.00,0.89,-1,-1,-1
840,190,626.00,85.00,60.00,59.00,0.85,-1,-1,-1
841,190,491.00,160.00,117.00,117.00,0.91,-1,-1,-1
841,189,583.00,525.00,325.00,194.00,0.88,-1,-1,-1
842,189,548.00,489.00,309.00,230.00,0.93,-1,-1,-1
843,189,506.00,460.00,310.00,251.00,0.94,-1,-1,-1
844,189,497.00,457.00,304.00,238.00,0.93,-1,-1,-1
845,189,496.00,457.00,305.00,239.00,0.93,-1,-1,-1
845,191,599.00,72.00,45.00,35.00,0.75,-1,-1,-1
846,189,483.00,449.00,309.00,240.00,0.93,-1,-1,-1
846,191,508.00,112.00,70.00,52.00,0.85,-1,-1,-1
847,189,452.00,435.00,315.00,230.00,0.93,-1,-1,-1
847,191,259.00,216.00,158.00,110.00,0.91,-1,-1,-1
848,189,385.00,404.00,320.00,225.00,0.93,-1,-1,-1
849,189,172.00,366.00,330.00,196.00,0.94,-1,-1,-1
850,189,1.00,355.00,164.00,170.00,0.90,-1,-1,-1
855,192,1081.00,476.00,195.00,242.00,0.90,-1,-1,-1
856,192,915.00,190.00,98.00,76.00,0.89,-1,-1,-1
857,192,867.00,111.00,58.00,45.00,0.79,-1,-1,-1
858,192,844.00,74.00,40.00,33.00,0.65,-1,-1,-1
859,192,831.00,54.00,30.00,25.00,0.62,-1,-1,-1
864,193,422.00,477.00,415.00,242.00,0.92,-1,-1,-1
865,193,148.00,363.00,377.00,226.00,0.93,-1,-1,-1
866,193,1.00,337.00,189.00,183.00,0.90,-1,-1,-1
906,194,618.00,102.00,153.00,96.00,0.92,-1,-1,-1
907,194,618.00,102.00,153.00,96.00,0.92,-1,-1,-1
908,194,618.00,102.00,153.00,96.00,0.92,-1,-1,-1
909,194,619.00,102.00,152.00,96.00,0.92,-1,-1,-1
910,194,619.00,102.00,152.00,96.00,0.92,-1,-1,-1
911,194,619.00,102.00,152.00,96.00,0.92,-1,-1,-1
912,194,619.00,102.00,152.00,96.00,0.92,-1,-1,-1
913,194,619.00,102.00,152.00,96.00,0.92,-1,-1,-1
914,194,618.00,102.00,153.00,96.00,0.92,-1,-1,-1
915,194,618.00,102.00,153.00,96.00,0.92,-1,-1,-1
916,194,628.00,105.00,156.00,97.00,0.93,-1,-1,-1
916,195,178.00,18.00,47.00,40.00,0.65,-1,-1,-1
917,194,628.00,105.00,156.00,97.00,0.93,-1,-1,-1
917,195,178.00,18.00,47.00,40.00,0.65,-1,-1,-1
918,194,666.00,118.00,172.00,106.00,0.89,-1,-1,-1
918,195,219.00,39.00,67.00,57.00,0.80,-1,-1,-1
919,194,666.00,118.00,172.00,106.00,0.89,-1,-1,-1
919,195,219.00,39.00,67.00,57.00,0.81,-1,-1,-1
920,195,263.00,66.00,89.00,71.00,0.89,-1,-1,-1
920,194,833.00,159.00,250.00,134.00,0.89,-1,-1,-1
921,195,263.00,66.00,89.00,71.00,0.89,-1,-1,-1
921,194,833.00,159.00,250.00,134.00,0.89,-1,-1,-1
922,195,301.00,88.00,110.00,90.00,0.90,-1,-1,-1
923,195,301.00,88.00,110.00,90.00,0.90,-1,-1,-1
924,195,335.00,110.00,131.00,102.00,0.90,-1,-1,-1
924,196,646.00,22.00,98.00,38.00,0.75,-1,-1,-1
925,195,335.00,110.00,131.00,102.00,0.90,-1,-1,-1
925,196,646.00,22.00,98.00,38.00,0.75,-1,-1,-1
926,195,335.00,110.00,131.00,102.00,0.90,-1,-1,-1
926,196,646.00,22.00,98.00,38.00,0.75,-1,-1,-1
927,195,335.00,110.00,131.00,102.00,0.91,-1,-1,-1
927,196,646.00,22.00,98.00,38.00,0.75,-1,-1,-1
928,195,335.00,110.00,131.00,102.00,0.90,-1,-1,-1
928,196,646.00,22.00,98.00,38.00,0.75,-1,-1,-1
929,195,335.00,109.00,131.00,103.00,0.90,-1,-1,-1
929,196,646.00,22.00,98.00,38.00,0.75,-1,-1,-1
930,195,335.00,110.00,131.00,102.00,0.90,-1,-1,-1
930,196,646.00,22.00,98.00,38.00,0.75,-1,-1,-1
931,195,335.00,110.00,131.00,102.00,0.90,-1,-1,-1
931,196,646.00,22.00,98.00,38.00,0.75,-1,-1,-1
932,195,335.00,110.00,131.00,102.00,0.90,-1,-1,-1
932,196,646.00,22.00,98.00,38.00,0.75,-1,-1,-1
933,195,335.00,110.00,131.00,102.00,0.90,-1,-1,-1
933,196,646.00,22.00,98.00,38.00,0.75,-1,-1,-1
934,195,335.00,109.00,131.00,104.00,0.90,-1,-1,-1
934,196,597.00,22.00,104.00,40.00,0.79,-1,-1,-1
934,197,84.00,0.00,34.00,24.00,0.58,-1,-1,-1
935,195,335.00,110.00,131.00,103.00,0.90,-1,-1,-1
935,196,531.00,24.00,108.00,42.00,0.79,-1,-1,-1
935,197,85.00,0.00,35.00,26.00,0.53,-1,-1,-1
936,195,336.00,110.00,131.00,103.00,0.90,-1,-1,-1
936,196,463.00,29.00,110.00,43.00,0.81,-1,-1,-1
936,197,441.00,13.00,98.00,38.00,0.70,-1,-1,-1
937,195,336.00,110.00,131.00,104.00,0.90,-1,-1,-1
937,196,404.00,34.00,107.00,49.00,0.84,-1,-1,-1
937,197,268.00,18.00,100.00,41.00,0.81,-1,-1,-1
938,195,338.00,111.00,131.00,103.00,0.90,-1,-1,-1
938,196,365.00,42.00,94.00,53.00,0.85,-1,-1,-1
938,198,33.00,31.00,113.00,45.00,0.75,-1,-1,-1
939,195,340.00,111.00,131.00,105.00,0.90,-1,-1,-1
939,196,356.00,53.00,74.00,55.00,0.78,-1,-1,-1
939,199,836.00,20.00,72.00,29.00,0.62,-1,-1,-1
939,200,139.00,0.00,36.00,27.00,0.54,-1,-1,-1
940,195,340.00,110.00,132.00,106.00,0.90,-1,-1,-1
940,196,364.00,63.00,77.00,52.00,0.75,-1,-1,-1
941,195,340.00,113.00,132.00,103.00,0.89,-1,-1,-1
941,201,569.00,23.00,98.00,38.00,0.81,-1,-1,-1
941,196,382.00,76.00,100.00,68.00,0.71,-1,-1,-1
941,202,90.00,5.00,40.00,33.00,0.55,-1,-1,-1
942,195,340.00,113.00,131.00,103.00,0.88,-1,-1,-1
942,201,461.00,28.00,102.00,42.00,0.84,-1,-1,-1
942,196,411.00,84.00,112.00,78.00,0.80,-1,-1,-1
942,202,91.00,5.00,39.00,33.00,0.53,-1,-1,-1
943,195,340.00,112.00,133.00,104.00,0.89,-1,-1,-1
943,196,435.00,99.00,122.00,81.00,0.86,-1,-1,-1
943,201,383.00,34.00,100.00,48.00,0.83,-1,-1,-1
943,202,91.00,5.00,39.00,33.00,0.55,-1,-1,-1
944,203,931.00,385.00,349.00,248.00,0.91,-1,-1,-1
944,196,453.00,110.00,141.00,89.00,0.89,-1,-1,-1
944,195,340.00,112.00,132.00,105.00,0.88,-1,-1,-1
944,201,335.00,52.00,68.00,57.00,0.76,-1,-1,-1
944,202,91.00,5.00,39.00,33.00,0.58,-1,-1,-1
945,203,931.00,385.00,349.00,248.00,0.91,-1,-1,-1
945,196,453.00,110.00,141.00,89.00,0.89,-1,-1,-1
945,195,340.00,112.00,132.00,105.00,0.88,-1,-1,-1
945,201,335.00,52.00,68.00,57.00,0.76,-1,-1,-1
945,202,91.00,5.00,39.00,33.00,0.58,-1,-1,-1
946,195,343.00,116.00,134.00,103.00,0.89,-1,-1,-1
946,196,457.00,111.00,139.00,90.00,0.88,-1,-1,-1
946,204,157.00,32.00,114.00,43.00,0.81,-1,-1,-1
946,201,357.00,71.00,98.00,63.00,0.72,-1,-1,-1
946,202,91.00,5.00,39.00,33.00,0.55,-1,-1,-1
947,195,343.00,116.00,134.00,103.00,0.89,-1,-1,-1
947,196,457.00,111.00,139.00,90.00,0.87,-1,-1,-1
947,204,157.00,32.00,114.00,43.00,0.81,-1,-1,-1
947,201,357.00,71.00,98.00,63.00,0.72,-1,-1,-1
947,202,91.00,5.00,39.00,33.00,0.55,-1,-1,-1
948,195,343.00,116.00,136.00,104.00,0.88,-1,-1,-1
948,196,457.00,111.00,139.00,90.00,0.87,-1,-1,-1
948,202,91.00,5.00,39.00,33.00,0.56,-1,-1,-1
949,195,343.00,116.00,136.00,104.00,0.88,-1,-1,-1
949,196,457.00,111.00,139.00,90.00,0.87,-1,-1,-1
949,202,91.00,5.00,39.00,33.00,0.56,-1,-1,-1
950,196,457.00,110.00,139.00,91.00,0.88,-1,-1,-1
950,195,343.00,116.00,136.00,104.00,0.87,-1,-1,-1
950,202,91.00,5.00,39.00,33.00,0.54,-1,-1,-1
951,196,457.00,110.00,139.00,92.00,0.88,-1,-1,-1
951,195,343.00,117.00,136.00,103.00,0.87,-1,-1,-1
951,202,91.00,5.00,39.00,33.00,0.54,-1,-1,-1
952,196,457.00,110.00,139.00,91.00,0.88,-1,-1,-1
952,195,344.00,116.00,135.00,105.00,0.87,-1,-1,-1
952,202,91.00,5.00,39.00,33.00,0.56,-1,-1,-1
953,196,457.00,110.00,139.00,91.00,0.88,-1,-1,-1
953,195,343.00,116.00,136.00,105.00,0.87,-1,-1,-1
953,202,91.00,5.00,39.00,33.00,0.56,-1,-1,-1
954,195,345.00,117.00,135.00,105.00,0.88,-1,-1,-1
954,196,458.00,110.00,138.00,91.00,0.88,-1,-1,-1
954,202,91.00,5.00,39.00,33.00,0.54,-1,-1,-1
955,195,345.00,117.00,135.00,105.00,0.88,-1,-1,-1
955,196,458.00,110.00,138.00,91.00,0.88,-1,-1,-1
955,202,91.00,5.00,39.00,33.00,0.54,-1,-1,-1
956,195,345.00,117.00,134.00,105.00,0.88,-1,-1,-1
956,196,458.00,111.00,139.00,90.00,0.87,-1,-1,-1
956,205,292.00,14.00,112.00,45.00,0.80,-1,-1,-1
956,202,91.00,5.00,39.00,33.00,0.54,-1,-1,-1
957,195,345.00,117.00,134.00,105.00,0.87,-1,-1,-1
957,196,458.00,111.00,139.00,90.00,0.87,-1,-1,-1
957,205,292.00,14.00,112.00,45.00,0.80,-1,-1,-1
957,202,91.00,5.00,39.00,33.00,0.54,-1,-1,-1
958,195,427.00,96.00,117.00,77.00,0.91,-1,-1,-1
958,205,224.00,26.00,66.00,57.00,0.82,-1,-1,-1
958,206,1047.00,405.00,233.00,242.00,0.78,-1,-1,-1
958,202,71.00,11.00,48.00,36.00,0.69,-1,-1,-1
959,195,427.00,96.00,117.00,77.00,0.91,-1,-1,-1
959,205,224.00,26.00,66.00,57.00,0.82,-1,-1,-1
959,206,1047.00,405.00,233.00,242.00,0.78,-1,-1,-1
959,202,71.00,11.00,48.00,36.00,0.69,-1,-1,-1
960,195,427.00,96.00,117.00,77.00,0.91,-1,-1,-1
960,205,224.00,26.00,66.00,57.00,0.82,-1,-1,-1
960,206,1047.00,405.00,233.00,242.00,0.78,-1,-1,-1
960,202,71.00,11.00,48.00,36.00,0.69,-1,-1,-1
961,195,427.00,96.00,117.00,77.00,0.91,-1,-1,-1
961,205,224.00,26.00,66.00,57.00,0.82,-1,-1,-1
961,206,1047.00,405.00,233.00,242.00,0.78,-1,-1,-1
961,202,71.00,11.00,48.00,36.00,0.69,-1,-1,-1
962,195,426.00,96.00,118.00,77.00,0.91,-1,-1,-1
962,205,224.00,26.00,66.00,57.00,0.82,-1,-1,-1
962,206,1047.00,405.00,233.00,242.00,0.78,-1,-1,-1
962,202,71.00,11.00,48.00,36.00,0.69,-1,-1,-1
963,195,426.00,96.00,118.00,77.00,0.91,-1,-1,-1
963,205,224.00,26.00,66.00,57.00,0.82,-1,-1,-1
963,206,1047.00,405.00,233.00,242.00,0.78,-1,-1,-1
963,202,71.00,11.00,48.00,36.00,0.69,-1,-1,-1
964,195,427.00,96.00,117.00,77.00,0.91,-1,-1,-1
964,205,224.00,26.00,66.00,57.00,0.82,-1,-1,-1
964,206,1047.00,405.00,233.00,242.00,0.78,-1,-1,-1
964,202,71.00,11.00,48.00,36.00,0.69,-1,-1,-1
965,195,426.00,96.00,118.00,77.00,0.91,-1,-1,-1
965,205,224.00,26.00,66.00,57.00,0.82,-1,-1,-1
965,206,1047.00,405.00,233.00,242.00,0.78,-1,-1,-1
965,202,71.00,11.00,48.00,36.00,0.69,-1,-1,-1
966,195,427.00,96.00,117.00,77.00,0.91,-1,-1,-1
966,205,224.00,26.00,66.00,57.00,0.82,-1,-1,-1
966,206,1047.00,405.00,233.00,242.00,0.79,-1,-1,-1
966,202,71.00,11.00,48.00,36.00,0.69,-1,-1,-1
967,195,427.00,96.00,117.00,77.00,0.91,-1,-1,-1
967,205,224.00,26.00,66.00,57.00,0.82,-1,-1,-1
967,206,1047.00,405.00,233.00,242.00,0.79,-1,-1,-1
967,202,71.00,11.00,48.00,36.00,0.69,-1,-1,-1
968,195,590.00,169.00,195.00,123.00,0.88,-1,-1,-1
968,205,267.00,39.00,81.00,71.00,0.84,-1,-1,-1
968,202,34.00,15.00,66.00,39.00,0.74,-1,-1,-1
969,195,1006.00,354.00,273.00,230.00,0.91,-1,-1,-1
969,205,327.00,62.00,104.00,88.00,0.91,-1,-1,-1
969,207,274.00,32.00,65.00,45.00,0.77,-1,-1,-1
969,208,0.00,20.00,60.00,43.00,0.59,-1,-1,-1
970,205,430.00,109.00,156.00,126.00,0.91,-1,-1,-1
970,195,997.00,122.00,144.00,76.00,0.87,-1,-1,-1
970,207,311.00,46.00,77.00,55.00,0.83,-1,-1,-1
970,208,248.00,13.00,51.00,39.00,0.64,-1,-1,-1
971,205,634.00,200.00,279.00,228.00,0.96,-1,-1,-1
971,207,365.00,68.00,99.00,65.00,0.88,-1,-1,-1
971,195,804.00,76.00,109.00,58.00,0.87,-1,-1,-1
971,208,274.00,22.00,62.00,43.00,0.80,-1,-1,-1
972,207,453.00,109.00,141.00,87.00,0.91,-1,-1,-1
972,195,661.00,45.00,86.00,50.00,0.88,-1,-1,-1
972,208,313.00,31.00,76.00,49.00,0.86,-1,-1,-1
972,209,257.00,10.00,51.00,37.00,0.63,-1,-1,-1
973,207,623.00,185.00,234.00,134.00,0.91,-1,-1,-1
973,208,367.00,44.00,91.00,57.00,0.88,-1,-1,-1
973,195,553.00,25.00,67.00,39.00,0.87,-1,-1,-1
973,209,285.00,17.00,55.00,40.00,0.79,-1,-1,-1
974,208,431.00,57.00,109.00,66.00,0.90,-1,-1,-1
974,207,1016.00,355.00,264.00,224.00,0.87,-1,-1,-1
974,209,318.00,25.00,62.00,44.00,0.81,-1,-1,-1
974,195,473.00,10.00,53.00,33.00,0.78,-1,-1,-1
975,208,501.00,76.00,129.00,76.00,0.92,-1,-1,-1
975,209,358.00,33.00,73.00,55.00,0.86,-1,-1,-1
975,195,411.00,0.00,45.00,27.00,0.79,-1,-1,-1
976,208,569.00,94.00,150.00,92.00,0.93,-1,-1,-1
976,209,409.00,47.00,88.00,60.00,0.88,-1,-1,-1
977,208,618.00,107.00,168.00,103.00,0.93,-1,-1,-1
977,209,461.00,60.00,100.00,67.00,0.88,-1,-1,-1
978,209,505.00,71.00,112.00,75.00,0.90,-1,-1,-1
978,208,645.00,116.00,175.00,102.00,0.89,-1,-1,-1
979,208,652.00,118.00,179.00,106.00,0.90,-1,-1,-1
979,209,523.00,76.00,118.00,79.00,0.90,-1,-1,-1
980,208,651.00,117.00,180.00,107.00,0.90,-1,-1,-1
980,209,523.00,76.00,119.00,79.00,0.90,-1,-1,-1
981,208,651.00,117.00,180.00,107.00,0.90,-1,-1,-1
981,209,523.00,76.00,119.00,79.00,0.90,-1,-1,-1
982,208,651.00,118.00,180.00,106.00,0.90,-1,-1,-1
982,209,523.00,76.00,119.00,79.00,0.90,-1,-1,-1
983,208,651.00,118.00,180.00,106.00,0.90,-1,-1,-1
983,209,523.00,76.00,119.00,79.00,0.90,-1,-1,-1
984,208,651.00,117.00,180.00,107.00,0.90,-1,-1,-1
984,209,523.00,76.00,119.00,79.00,0.90,-1,-1,-1
985,208,651.00,118.00,180.00,106.00,0.90,-1,-1,-1
985,209,523.00,76.00,119.00,79.00,0.90,-1,-1,-1
986,208,651.00,118.00,180.00,106.00,0.90,-1,-1,-1
986,209,523.00,77.00,119.00,78.00,0.90,-1,-1,-1
986,210,599.00,28.00,82.00,46.00,0.86,-1,-1,-1
987,208,651.00,118.00,180.00,106.00,0.90,-1,-1,-1
987,209,523.00,77.00,119.00,78.00,0.90,-1,-1,-1
987,210,599.00,28.00,82.00,46.00,0.86,-1,-1,-1
988,208,651.00,118.00,180.00,106.00,0.90,-1,-1,-1
988,209,523.00,79.00,119.00,76.00,0.89,-1,-1,-1
988,210,551.00,38.00,88.00,48.00,0.84,-1,-1,-1
989,208,651.00,118.00,180.00,106.00,0.90,-1,-1,-1
989,209,523.00,79.00,119.00,76.00,0.89,-1,-1,-1
989,210,551.00,38.00,88.00,48.00,0.84,-1,-1,-1
990,208,651.00,118.00,180.00,106.00,0.90,-1,-1,-1
990,209,523.00,76.00,119.00,79.00,0.89,-1,-1,-1
990,211,599.00,44.00,96.00,48.00,0.85,-1,-1,-1
990,210,353.00,0.00,46.00,28.00,0.72,-1,-1,-1
991,208,651.00,118.00,180.00,106.00,0.90,-1,-1,-1
991,209,523.00,76.00,119.00,79.00,0.89,-1,-1,-1
991,211,599.00,44.00,96.00,48.00,0.85,-1,-1,-1
991,210,353.00,0.00,46.00,28.00,0.72,-1,-1,-1
992,208,651.00,118.00,180.00,106.00,0.90,-1,-1,-1
992,209,523.00,76.00,119.00,79.00,0.90,-1,-1,-1
993,208,651.00,118.00,180.00,106.00,0.90,-1,-1,-1
993,209,523.00,76.00,119.00,79.00,0.90,-1,-1,-1
994,208,651.00,117.00,180.00,107.00,0.90,-1,-1,-1
994,209,523.00,76.00,119.00,79.00,0.90,-1,-1,-1
994,212,1168.00,171.00,112.00,93.00,0.64,-1,-1,-1
995,208,652.00,118.00,179.00,106.00,0.90,-1,-1,-1
995,209,523.00,76.00,119.00,79.00,0.90,-1,-1,-1
995,212,1168.00,172.00,112.00,92.00,0.64,-1,-1,-1
996,209,535.00,82.00,124.00,79.00,0.90,-1,-1,-1
996,208,671.00,121.00,183.00,111.00,0.88,-1,-1,-1
997,209,535.00,82.00,124.00,79.00,0.90,-1,-1,-1
997,208,671.00,121.00,183.00,111.00,0.88,-1,-1,-1
998,209,535.00,82.00,124.00,79.00,0.90,-1,-1,-1
998,208,671.00,121.00,183.00,111.00,0.88,-1,-1,-1
999,209,536.00,82.00,123.00,79.00,0.90,-1,-1,-1
999,208,671.00,121.00,183.00,111.00,0.88,-1,-1,-1
1000,209,536.00,82.00,122.00,79.00,0.90,-1,-1,-1
1000,208,671.00,121.00,183.00,111.00,0.88,-1,-1,-1
1001,209,536.00,82.00,122.00,79.00,0.90,-1,-1,-1
1001,208,671.00,121.00,183.00,111.00,0.88,-1,-1,-1
1002,209,536.00,82.00,123.00,79.00,0.90,-1,-1,-1
1002,208,671.00,121.00,183.00,111.00,0.88,-1,-1,-1
1003,209,536.00,82.00,123.00,79.00,0.90,-1,-1,-1
1003,208,671.00,121.00,183.00,111.00,0.88,-1,-1,-1
1004,209,536.00,82.00,122.00,79.00,0.90,-1,-1,-1
1004,208,671.00,121.00,183.00,111.00,0.88,-1,-1,-1
1005,209,536.00,82.00,122.00,79.00,0.90,-1,-1,-1
1005,208,671.00,121.00,183.00,111.00,0.88,-1,-1,-1
1006,209,547.00,86.00,127.00,80.00,0.90,-1,-1,-1
1006,208,719.00,136.00,208.00,119.00,0.88,-1,-1,-1
1007,209,576.00,94.00,136.00,85.00,0.91,-1,-1,-1
1007,208,833.00,164.00,255.00,135.00,0.90,-1,-1,-1
1008,209,635.00,111.00,156.00,98.00,0.93,-1,-1,-1
1008,208,1059.00,204.00,221.00,140.00,0.80,-1,-1,-1
1009,209,739.00,137.00,200.00,117.00,0.88,-1,-1,-1
1010,209,931.00,172.00,240.00,121.00,0.92,-1,-1,-1
1011,209,1193.00,196.00,87.00,106.00,0.79,-1,-1,-1
1018,213,0.00,353.00,180.00,173.00,0.65,-1,-1,-1
1019,213,0.00,353.00,180.00,173.00,0.65,-1,-1,-1
1020,213,417.00,240.00,356.00,189.00,0.90,-1,-1,-1
1020,214,264.00,476.00,523.00,244.00,0.86,-1,-1,-1
1021,213,417.00,240.00,356.00,189.00,0.90,-1,-1,-1
1021,214,265.00,476.00,522.00,244.00,0.86,-1,-1,-1
1022,213,835.00,187.00,231.00,139.00,0.94,-1,-1,-1
1022,214,331.00,272.00,371.00,182.00,0.93,-1,-1,-1
1022,215,431.00,474.00,459.00,246.00,0.90,-1,-1,-1
1022,216,332.00,2.00,111.00,52.00,0.81,-1,-1,-1
1022,217,1229.00,267.00,51.00,126.00,0.58,-1,-1,-1
1023,213,835.00,187.00,231.00,139.00,0.94,-1,-1,-1
1023,214,331.00,273.00,371.00,182.00,0.93,-1,-1,-1
1023,215,431.00,474.00,459.00,246.00,0.90,-1,-1,-1
1023,216,332.00,2.00,111.00,52.00,0.81,-1,-1,-1
1023,217,1229.00,267.00,51.00,126.00,0.58,-1,-1,-1
1024,214,792.00,220.00,255.00,132.00,0.89,-1,-1,-1
1024,213,1009.00,148.00,114.00,102.00,0.88,-1,-1,-1
1024,216,62.00,7.00,122.00,66.00,0.59,-1,-1,-1
1025,214,792.00,220.00,255.00,132.00,0.89,-1,-1,-1
1025,213,1009.00,148.00,114.00,102.00,0.88,-1,-1,-1
1025,216,62.00,7.00,122.00,66.00,0.59,-1,-1,-1
1026,213,943.00,107.00,130.00,79.00,0.90,-1,-1,-1
1026,214,996.00,175.00,140.00,100.00,0.88,-1,-1,-1
1027,213,943.00,107.00,130.00,79.00,0.90,-1,-1,-1
1027,214,996.00,175.00,140.00,100.00,0.88,-1,-1,-1
1028,213,825.00,78.00,134.00,68.00,0.89,-1,-1,-1
1028,214,1001.00,140.00,110.00,83.00,0.85,-1,-1,-1
1029,213,825.00,78.00,134.00,68.00,0.89,-1,-1,-1
1029,214,1001.00,140.00,110.00,83.00,0.85,-1,-1,-1
1030,213,727.00,55.00,117.00,61.00,0.89,-1,-1,-1
1030,214,920.00,117.00,139.00,71.00,0.87,-1,-1,-1
1030,218,566.00,23.00,92.00,41.00,0.84,-1,-1,-1
1031,213,727.00,55.00,117.00,61.00,0.89,-1,-1,-1
1031,214,919.00,117.00,140.00,71.00,0.87,-1,-1,-1
1031,218,566.00,23.00,92.00,41.00,0.84,-1,-1,-1
1032,213,656.00,43.00,101.00,54.00,0.88,-1,-1,-1
1032,214,847.00,99.00,141.00,65.00,0.85,-1,-1,-1
1032,219,392.00,38.00,84.00,59.00,0.83,-1,-1,-1
1033,213,657.00,43.00,101.00,54.00,0.88,-1,-1,-1
1033,214,847.00,99.00,141.00,65.00,0.85,-1,-1,-1
1033,219,392.00,38.00,84.00,59.00,0.83,-1,-1,-1
1034,219,396.00,74.00,99.00,83.00,0.88,-1,-1,-1
1034,214,787.00,83.00,130.00,60.00,0.87,-1,-1,-1
1034,213,635.00,37.00,98.00,55.00,0.86,-1,-1,-1
1035,219,396.00,74.00,99.00,83.00,0.88,-1,-1,-1
1035,214,787.00,83.00,130.00,60.00,0.87,-1,-1,-1
1035,213,635.00,37.00,98.00,55.00,0.86,-1,-1,-1
1036,219,470.00,107.00,140.00,109.00,0.89,-1,-1,-1
1036,213,636.00,37.00,96.00,55.00,0.86,-1,-1,-1
1036,214,742.00,72.00,119.00,55.00,0.84,-1,-1,-1
1036,220,840.00,22.00,64.00,28.00,0.56,-1,-1,-1
1037,219,470.00,107.00,140.00,109.00,0.89,-1,-1,-1
1037,213,636.00,37.00,96.00,55.00,0.86,-1,-1,-1
1037,214,742.00,72.00,119.00,55.00,0.84,-1,-1,-1
1037,220,840.00,22.00,64.00,28.00,0.56,-1,-1,-1
1038,219,487.00,116.00,146.00,114.00,0.89,-1,-1,-1
1038,213,636.00,35.00,96.00,57.00,0.85,-1,-1,-1
1038,214,729.00,69.00,118.00,54.00,0.83,-1,-1,-1
1039,219,487.00,116.00,146.00,114.00,0.89,-1,-1,-1
1039,213,636.00,35.00,96.00,57.00,0.85,-1,-1,-1
1039,214,729.00,69.00,118.00,54.00,0.83,-1,-1,-1
1040,219,487.00,115.00,146.00,116.00,0.89,-1,-1,-1
1040,213,636.00,37.00,96.00,55.00,0.86,-1,-1,-1
1040,221,448.00,34.00,93.00,45.00,0.85,-1,-1,-1
1040,214,729.00,69.00,118.00,54.00,0.83,-1,-1,-1
1041,219,487.00,115.00,146.00,115.00,0.89,-1,-1,-1
1041,213,636.00,37.00,96.00,55.00,0.86,-1,-1,-1
1041,221,448.00,34.00,93.00,45.00,0.85,-1,-1,-1
1041,214,729.00,69.00,118.00,54.00,0.83,-1,-1,-1
1042,219,487.00,115.00,146.00,115.00,0.89,-1,-1,-1
1042,213,635.00,36.00,96.00,56.00,0.87,-1,-1,-1
1042,221,331.00,56.00,90.00,54.00,0.85,-1,-1,-1
1042,214,729.00,69.00,118.00,54.00,0.83,-1,-1,-1
1043,219,487.00,115.00,146.00,115.00,0.89,-1,-1,-1
1043,213,635.00,36.00,96.00,56.00,0.87,-1,-1,-1
1043,221,331.00,56.00,90.00,54.00,0.85,-1,-1,-1
1043,214,729.00,69.00,118.00,54.00,0.83,-1,-1,-1
1044,219,487.00,115.00,146.00,115.00,0.89,-1,-1,-1
1044,221,281.00,89.00,83.00,80.00,0.86,-1,-1,-1
1044,214,719.00,68.00,112.00,53.00,0.86,-1,-1,-1
1044,213,609.00,30.00,90.00,52.00,0.85,-1,-1,-1
1045,219,487.00,115.00,146.00,115.00,0.89,-1,-1,-1
1045,221,281.00,89.00,83.00,80.00,0.86,-1,-1,-1
1045,214,719.00,68.00,112.00,53.00,0.86,-1,-1,-1
1045,213,609.00,30.00,90.00,52.00,0.85,-1,-1,-1
1046,222,801.00,15.00,70.00,28.00,0.53,-1,-1,-1
1047,222,801.00,15.00,70.00,28.00,0.53,-1,-1,-1
1048,222,801.00,15.00,70.00,28.00,0.53,-1,-1,-1
1049,222,801.00,15.00,70.00,28.00,0.53,-1,-1,-1
1050,222,801.00,15.00,70.00,28.00,0.52,-1,-1,-1
1051,222,801.00,15.00,70.00,28.00,0.52,-1,-1,-1
1052,222,801.00,15.00,70.00,28.00,0.52,-1,-1,-1
1053,222,801.00,15.00,70.00,28.00,0.53,-1,-1,-1
1054,222,801.00,15.00,70.00,28.00,0.53,-1,-1,-1
1055,222,801.00,15.00,70.00,28.00,0.53,-1,-1,-1
1056,222,801.00,15.00,70.00,28.00,0.52,-1,-1,-1
1057,222,800.00,15.00,72.00,28.00,0.54,-1,-1,-1
1058,222,801.00,15.00,70.00,28.00,0.54,-1,-1,-1
1059,222,801.00,15.00,70.00,28.00,0.55,-1,-1,-1
1060,222,801.00,15.00,70.00,28.00,0.55,-1,-1,-1
1061,223,863.00,18.00,69.00,30.00,0.57,-1,-1,-1
1065,224,797.00,16.00,78.00,34.00,0.57,-1,-1,-1
1066,224,797.00,16.00,78.00,34.00,0.57,-1,-1,-1
1067,224,797.00,16.00,78.00,34.00,0.58,-1,-1,-1
1068,225,1187.00,200.00,93.00,94.00,0.73,-1,-1,-1
1068,224,797.00,16.00,78.00,34.00,0.55,-1,-1,-1
1069,225,1187.00,200.00,93.00,94.00,0.73,-1,-1,-1
1069,224,797.00,16.00,78.00,34.00,0.55,-1,-1,-1
1070,226,534.00,31.00,76.00,44.00,0.84,-1,-1,-1
1070,224,797.00,16.00,78.00,34.00,0.57,-1,-1,-1
1070,227,71.00,13.00,48.00,32.00,0.56,-1,-1,-1
1071,226,534.00,31.00,76.00,44.00,0.84,-1,-1,-1
1071,224,797.00,16.00,78.00,33.00,0.57,-1,-1,-1
1071,227,71.00,13.00,48.00,32.00,0.56,-1,-1,-1
1072,224,797.00,16.00,78.00,34.00,0.60,-1,-1,-1
1073,224,797.00,16.00,78.00,34.00,0.60,-1,-1,-1
1074,224,797.00,16.00,78.00,34.00,0.55,-1,-1,-1
1075,224,797.00,16.00,78.00,34.00,0.55,-1,-1,-1
1076,228,742.00,69.00,127.00,55.00,0.85,-1,-1,-1
1077,228,742.00,69.00,127.00,55.00,0.85,-1,-1,-1
1078,229,759.00,70.00,101.00,52.00,0.86,-1,-1,-1
1078,228,476.00,11.00,64.00,35.00,0.85,-1,-1,-1
1079,229,759.00,70.00,101.00,52.00,0.86,-1,-1,-1
1079,228,476.00,11.00,64.00,35.00,0.85,-1,-1,-1
1080,230,815.00,163.00,242.00,114.00,0.92,-1,-1,-1
1080,228,723.00,67.00,112.00,53.00,0.86,-1,-1,-1
1081,230,815.00,163.00,242.00,114.00,0.92,-1,-1,-1
1081,228,723.00,67.00,112.00,53.00,0.86,-1,-1,-1
1082,230,815.00,163.00,242.00,114.00,0.92,-1,-1,-1
1082,228,723.00,67.00,112.00,53.00,0.86,-1,-1,-1
1083,230,815.00,163.00,242.00,114.00,0.92,-1,-1,-1
1083,228,723.00,67.00,112.00,53.00,0.86,-1,-1,-1
1084,230,815.00,163.00,242.00,114.00,0.92,-1,-1,-1
1084,228,723.00,67.00,112.00,53.00,0.86,-1,-1,-1
1085,230,815.00,163.00,242.00,114.00,0.92,-1,-1,-1
1085,228,723.00,67.00,112.00,53.00,0.86,-1,-1,-1
1087,231,386.00,382.00,359.00,137.00,0.89,-1,-1,-1
1088,232,615.00,149.00,78.00,29.00,0.85,-1,-1,-1
1089,232,345.00,151.00,80.00,29.00,0.83,-1,-1,-1
1090,233,936.00,152.00,59.00,25.00,0.69,-1,-1,-1
1090,232,72.00,156.00,85.00,30.00,0.67,-1,-1,-1
1091,233,625.00,148.00,76.00,30.00,0.82,-1,-1,-1
1092,233,312.00,152.00,79.00,29.00,0.82,-1,-1,-1
1095,234,0.00,460.00,167.00,165.00,0.83,-1,-1,-1
1096,234,471.00,445.00,408.00,170.00,0.93,-1,-1,-1
1097,234,1120.00,430.00,160.00,158.00,0.86,-1,-1,-1
1098,235,1.00,430.00,153.00,145.00,0.83,-1,-1,-1
1098,236,621.00,146.00,83.00,29.00,0.81,-1,-1,-1
1099,235,1056.00,433.00,224.00,146.00,0.93,-1,-1,-1
1099,237,449.00,340.00,295.00,118.00,0.90,-1,-1,-1
1099,236,154.00,150.00,87.00,31.00,0.79,-1,-1,-1
1100,235,1056.00,433.00,224.00,146.00,0.93,-1,-1,-1
1100,237,449.00,340.00,295.00,118.00,0.90,-1,-1,-1
1100,236,154.00,150.00,87.00,31.00,0.79,-1,-1,-1
1101,236,331.00,156.00,87.00,43.00,0.86,-1,-1,-1
1102,236,331.00,156.00,87.00,43.00,0.86,-1,-1,-1
1103,236,331.00,156.00,87.00,43.00,0.86,-1,-1,-1
1104,236,331.00,156.00,87.00,43.00,0.86,-1,-1,-1
1105,236,331.00,156.00,87.00,43.00,0.86,-1,-1,-1
1106,236,331.00,156.00,87.00,43.00,0.86,-1,-1,-1
1107,236,248.00,177.00,68.00,51.00,0.84,-1,-1,-1
1107,238,933.00,149.00,64.00,29.00,0.79,-1,-1,-1
1108,236,248.00,177.00,68.00,51.00,0.84,-1,-1,-1
1108,238,933.00,149.00,64.00,29.00,0.79,-1,-1,-1
1115,239,931.00,147.00,66.00,28.00,0.74,-1,-1,-1
1116,239,931.00,147.00,67.00,29.00,0.74,-1,-1,-1
1117,239,931.00,147.00,67.00,29.00,0.74,-1,-1,-1
1118,239,931.00,147.00,67.00,29.00,0.74,-1,-1,-1
1119,239,931.00,147.00,67.00,29.00,0.74,-1,-1,-1
1120,239,931.00,147.00,67.00,29.00,0.74,-1,-1,-1
1136,240,743.00,145.00,68.00,29.00,0.52,-1,-1,-1
1137,240,685.00,145.00,84.00,31.00,0.76,-1,-1,-1
1138,240,601.00,146.00,82.00,33.00,0.86,-1,-1,-1
1139,240,487.00,147.00,84.00,32.00,0.84,-1,-1,-1
1139,241,697.00,142.00,78.00,30.00,0.82,-1,-1,-1
1140,240,347.00,147.00,84.00,34.00,0.86,-1,-1,-1
1140,241,627.00,142.00,80.00,32.00,0.83,-1,-1,-1
1141,242,225.00,424.00,426.00,161.00,0.91,-1,-1,-1
1141,241,525.00,143.00,80.00,31.00,0.82,-1,-1,-1
1141,240,187.00,150.00,85.00,34.00,0.81,-1,-1,-1
1142,241,388.00,143.00,85.00,33.00,0.82,-1,-1,-1
1143,241,236.00,145.00,85.00,34.00,0.79,-1,-1,-1
1144,241,71.00,149.00,84.00,33.00,0.71,-1,-1,-1
1151,243,43.00,401.00,384.00,142.00,0.89,-1,-1,-1
1152,243,1152.00,390.00,128.00,125.00,0.79,-1,-1,-1
1155,244,337.00,371.00,322.00,140.00,0.94,-1,-1,-1
1156,244,70.00,384.00,367.00,137.00,0.90,-1,-1,-1
1156,245,1160.00,362.00,120.00,111.00,0.80,-1,-1,-1
1156,246,1125.00,158.00,57.00,25.00,0.52,-1,-1,-1
1157,244,927.00,376.00,312.00,124.00,0.91,-1,-1,-1
1157,246,613.00,148.00,70.00,30.00,0.86,-1,-1,-1
1158,244,291.00,326.00,303.00,127.00,0.92,-1,-1,-1
1158,246,367.00,150.00,72.00,30.00,0.87,-1,-1,-1
1159,244,1093.00,319.00,187.00,113.00,0.87,-1,-1,-1
1159,246,114.00,153.00,74.00,32.00,0.82,-1,-1,-1
1160,246,574.00,153.00,76.00,33.00,0.88,-1,-1,-1
1161,246,459.00,155.00,81.00,35.00,0.86,-1,-1,-1
1162,246,371.00,158.00,83.00,38.00,0.88,-1,-1,-1
1163,247,350.00,384.00,333.00,134.00,0.91,-1,-1,-1
1163,246,325.00,164.00,70.00,43.00,0.86,-1,-1,-1
1164,246,321.00,171.00,51.00,44.00,0.83,-1,-1,-1
1164,248,1169.00,379.00,110.00,113.00,0.79,-1,-1,-1
1165,249,265.00,391.00,348.00,136.00,0.91,-1,-1,-1
1165,246,325.00,178.00,53.00,48.00,0.83,-1,-1,-1
1166,246,324.00,186.00,56.00,53.00,0.84,-1,-1,-1
1166,249,1061.00,385.00,219.00,120.00,0.84,-1,-1,-1
1167,246,319.00,197.00,60.00,57.00,0.84,-1,-1,-1
1168,246,306.00,210.00,68.00,64.00,0.85,-1,-1,-1
1169,246,294.00,225.00,76.00,71.00,0.86,-1,-1,-1
1170,246,281.00,238.00,84.00,82.00,0.89,-1,-1,-1
1171,246,273.00,246.00,89.00,86.00,0.87,-1,-1,-1
1172,246,269.00,250.00,90.00,88.00,0.87,-1,-1,-1
1173,246,269.00,250.00,90.00,88.00,0.87,-1,-1,-1
1174,246,269.00,250.00,90.00,88.00,0.87,-1,-1,-1
1175,246,269.00,250.00,90.00,88.00,0.87,-1,-1,-1
1176,246,269.00,250.00,90.00,88.00,0.88,-1,-1,-1
1177,246,269.00,250.00,90.00,88.00,0.88,-1,-1,-1
1178,246,269.00,250.00,90.00,88.00,0.88,-1,-1,-1
1179,246,269.00,250.00,90.00,88.00,0.88,-1,-1,-1
1180,246,269.00,250.00,90.00,88.00,0.88,-1,-1,-1
1181,246,269.00,250.00,90.00,88.00,0.88,-1,-1,-1
1182,246,269.00,250.00,90.00,88.00,0.88,-1,-1,-1
1183,246,269.00,250.00,90.00,88.00,0.88,-1,-1,-1
1184,246,269.00,250.00,90.00,88.00,0.88,-1,-1,-1
1185,246,269.00,250.00,90.00,88.00,0.88,-1,-1,-1
1185,250,924.00,149.00,47.00,29.00,0.68,-1,-1,-1
1186,246,269.00,250.00,90.00,88.00,0.88,-1,-1,-1
1186,250,692.00,146.00,80.00,31.00,0.78,-1,-1,-1
1187,246,269.00,250.00,90.00,88.00,0.88,-1,-1,-1
1187,250,470.00,148.00,85.00,31.00,0.83,-1,-1,-1
1188,246,269.00,250.00,90.00,88.00,0.88,-1,-1,-1
1188,251,595.00,152.00,84.00,30.00,0.84,-1,-1,-1
1188,250,239.00,149.00,88.00,34.00,0.80,-1,-1,-1
1189,246,269.00,250.00,90.00,88.00,0.88,-1,-1,-1
1189,250,317.00,154.00,88.00,32.00,0.84,-1,-1,-1
1190,246,269.00,250.00,90.00,88.00,0.88,-1,-1,-1
1190,250,60.00,160.00,63.00,31.00,0.74,-1,-1,-1
1191,246,269.00,250.00,90.00,88.00,0.88,-1,-1,-1
1192,246,269.00,251.00,90.00,87.00,0.89,-1,-1,-1
1192,252,923.00,153.00,48.00,28.00,0.73,-1,-1,-1
1193,246,262.00,255.00,95.00,90.00,0.88,-1,-1,-1
1194,246,233.00,273.00,113.00,102.00,0.87,-1,-1,-1
1195,246,163.00,314.00,144.00,132.00,0.87,-1,-1,-1
1196,246,12.00,393.00,225.00,211.00,0.92,-1,-1,-1
1197,253,513.00,570.00,278.00,150.00,0.89,-1,-1,-1
1198,253,466.00,359.00,164.00,148.00,0.91,-1,-1,-1
1199,253,444.00,263.00,107.00,92.00,0.88,-1,-1,-1
1200,253,431.00,216.00,79.00,67.00,0.90,-1,-1,-1
1201,253,424.00,188.00,63.00,55.00,0.83,-1,-1,-1
1202,253,424.00,169.00,53.00,50.00,0.84,-1,-1,-1
1203,253,413.00,160.00,54.00,43.00,0.80,-1,-1,-1
1204,253,369.00,154.00,68.00,37.00,0.84,-1,-1,-1
1205,253,303.00,150.00,79.00,35.00,0.86,-1,-1,-1
1206,253,207.00,148.00,81.00,34.00,0.84,-1,-1,-1
1206,254,923.00,152.00,60.00,30.00,0.74,-1,-1,-1
1207,253,75.00,151.00,84.00,33.00,0.72,-1,-1,-1
1212,255,924.00,152.00,67.00,25.00,0.69,-1,-1,-1
1219,256,683.00,152.00,61.00,28.00,0.73,-1,-1,-1
1220,256,594.00,152.00,70.00,30.00,0.86,-1,-1,-1
1220,257,658.00,148.00,61.00,26.00,0.73,-1,-1,-1
1221,256,490.00,154.00,73.00,30.00,0.88,-1,-1,-1
1221,257,555.00,149.00,68.00,27.00,0.79,-1,-1,-1
1222,256,391.00,157.00,77.00,33.00,0.87,-1,-1,-1
1222,258,655.00,151.00,84.00,34.00,0.85,-1,-1,-1
1222,257,446.00,150.00,58.00,26.00,0.63,-1,-1,-1
1223,256,309.00,164.00,73.00,38.00,0.84,-1,-1,-1
1223,258,574.00,152.00,95.00,35.00,0.83,-1,-1,-1
1223,257,276.00,150.00,76.00,30.00,0.73,-1,-1,-1
1223,259,929.00,152.00,64.00,25.00,0.72,-1,-1,-1
1224,260,99.00,467.00,468.00,184.00,0.95,-1,-1,-1
1224,256,258.00,173.00,63.00,42.00,0.86,-1,-1,-1
1224,258,489.00,152.00,96.00,36.00,0.83,-1,-1,-1
1224,257,107.00,155.00,86.00,29.00,0.76,-1,-1,-1
1225,260,823.00,463.00,428.00,179.00,0.93,-1,-1,-1
1225,256,243.00,185.00,53.00,48.00,0.86,-1,-1,-1
1225,258,410.00,153.00,93.00,38.00,0.84,-1,-1,-1
1225,257,593.00,148.00,77.00,30.00,0.83,-1,-1,-1
1226,258,350.00,156.00,91.00,41.00,0.84,-1,-1,-1
1226,256,235.00,198.00,55.00,52.00,0.83,-1,-1,-1
1227,256,212.00,216.00,68.00,60.00,0.85,-1,-1,-1
1227,258,325.00,159.00,72.00,49.00,0.82,-1,-1,-1
1227,261,191.00,152.00,83.00,30.00,0.78,-1,-1,-1
1228,256,184.00,237.00,79.00,70.00,0.91,-1,-1,-1
1228,258,323.00,167.00,57.00,51.00,0.81,-1,-1,-1
1229,262,0.00,348.00,307.00,131.00,0.91,-1,-1,-1
1229,256,166.00,252.00,86.00,78.00,0.88,-1,-1,-1
1229,263,573.00,147.00,81.00,31.00,0.83,-1,-1,-1
1229,258,320.00,174.00,58.00,56.00,0.81,-1,-1,-1
1230,262,480.00,346.00,331.00,131.00,0.90,-1,-1,-1
1230,256,157.00,258.00,90.00,82.00,0.88,-1,-1,-1
1230,258,317.00,182.00,63.00,60.00,0.83,-1,-1,-1
1230,263,351.00,148.00,87.00,32.00,0.80,-1,-1,-1
1231,262,1008.00,347.00,269.00,127.00,0.89,-1,-1,-1
1231,256,157.00,259.00,90.00,81.00,0.87,-1,-1,-1
1231,258,312.00,192.00,69.00,65.00,0.85,-1,-1,-1
1231,263,138.00,152.00,78.00,32.00,0.78,-1,-1,-1
1232,256,157.00,259.00,90.00,81.00,0.88,-1,-1,-1
1232,258,309.00,204.00,72.00,71.00,0.87,-1,-1,-1
1233,256,157.00,259.00,90.00,81.00,0.88,-1,-1,-1
1233,258,303.00,216.00,78.00,78.00,0.87,-1,-1,-1
1234,256,157.00,259.00,90.00,81.00,0.88,-1,-1,-1
1234,258,297.00,226.00,84.00,86.00,0.88,-1,-1,-1
1235,256,157.00,259.00,90.00,81.00,0.88,-1,-1,-1
1235,258,293.00,234.00,90.00,88.00,0.87,-1,-1,-1
1236,264,174.00,297.00,306.00,138.00,0.87,-1,-1,-1
1236,256,294.00,237.00,86.00,67.00,0.79,-1,-1,-1
1236,265,157.00,259.00,88.00,63.00,0.52,-1,-1,-1
1237,266,629.00,377.00,340.00,146.00,0.91,-1,-1,-1
1237,256,157.00,259.00,90.00,81.00,0.88,-1,-1,-1
1237,267,290.00,237.00,92.00,91.00,0.83,-1,-1,-1
1237,264,1079.00,284.00,201.00,131.00,0.83,-1,-1,-1
1238,256,157.00,259.00,90.00,81.00,0.88,-1,-1,-1
1238,267,290.00,237.00,92.00,91.00,0.83,-1,-1,-1
1239,256,157.00,259.00,90.00,81.00,0.88,-1,-1,-1
1239,267,290.00,237.00,92.00,91.00,0.83,-1,-1,-1
1240,268,550.00,333.00,304.00,115.00,0.92,-1,-1,-1
1240,256,157.00,259.00,90.00,81.00,0.88,-1,-1,-1
1240,267,290.00,237.00,92.00,91.00,0.83,-1,-1,-1
1241,256,157.00,259.00,90.00,81.00,0.88,-1,-1,-1
1241,267,290.00,237.00,92.00,91.00,0.83,-1,-1,-1
1242,269,230.00,313.00,288.00,123.00,0.92,-1,-1,-1
1242,256,157.00,259.00,90.00,81.00,0.88,-1,-1,-1
1242,267,291.00,237.00,90.00,79.00,0.85,-1,-1,-1
1243,269,1001.00,308.00,256.00,113.00,0.88,-1,-1,-1
1243,256,157.00,259.00,90.00,81.00,0.88,-1,-1,-1
1243,267,290.00,237.00,92.00,91.00,0.83,-1,-1,-1
1244,270,306.00,377.00,350.00,138.00,0.90,-1,-1,-1
1244,256,157.00,259.00,90.00,81.00,0.88,-1,-1,-1
1244,267,290.00,237.00,92.00,91.00,0.82,-1,-1,-1
1245,256,157.00,259.00,90.00,81.00,0.88,-1,-1,-1
1245,270,1087.00,372.00,193.00,126.00,0.84,-1,-1,-1
1245,267,290.00,237.00,92.00,91.00,0.83,-1,-1,-1
1245,271,924.00,154.00,43.00,27.00,0.64,-1,-1,-1
1246,272,388.00,330.00,295.00,112.00,0.94,-1,-1,-1
1246,273,183.00,387.00,209.00,147.00,0.89,-1,-1,-1
1246,256,157.00,259.00,90.00,82.00,0.88,-1,-1,-1
1246,267,290.00,237.00,92.00,91.00,0.83,-1,-1,-1
1247,272,44.00,398.00,374.00,136.00,0.89,-1,-1,-1
1247,256,157.00,259.00,90.00,82.00,0.88,-1,-1,-1
1247,274,1088.00,323.00,192.00,100.00,0.88,-1,-1,-1
1247,273,991.00,380.00,200.00,136.00,0.86,-1,-1,-1
1247,267,290.00,237.00,92.00,91.00,0.83,-1,-1,-1
1248,272,861.00,395.00,336.00,126.00,0.89,-1,-1,-1
1248,256,157.00,259.00,90.00,81.00,0.87,-1,-1,-1
1248,267,290.00,237.00,92.00,91.00,0.83,-1,-1,-1
1248,275,671.00,155.00,75.00,30.00,0.71,-1,-1,-1
1249,256,157.00,259.00,90.00,81.00,0.87,-1,-1,-1
1249,275,608.00,156.00,90.00,33.00,0.84,-1,-1,-1
1249,267,290.00,237.00,92.00,91.00,0.83,-1,-1,-1
1250,256,157.00,259.00,90.00,81.00,0.88,-1,-1,-1
1250,275,551.00,157.00,90.00,34.00,0.85,-1,-1,-1
1250,267,290.00,237.00,92.00,91.00,0.83,-1,-1,-1
1251,256,157.00,259.00,90.00,81.00,0.88,-1,-1,-1
1251,275,499.00,160.00,90.00,35.00,0.84,-1,-1,-1
1251,267,290.00,237.00,92.00,91.00,0.83,-1,-1,-1
1252,256,157.00,259.00,90.00,81.00,0.88,-1,-1,-1
1252,267,290.00,237.00,92.00,91.00,0.83,-1,-1,-1
1252,275,451.00,163.00,94.00,37.00,0.83,-1,-1,-1
1253,256,157.00,259.00,90.00,81.00,0.88,-1,-1,-1
1253,275,411.00,167.00,92.00,39.00,0.86,-1,-1,-1
1253,267,290.00,237.00,91.00,91.00,0.83,-1,-1,-1
1254,256,157.00,259.00,90.00,81.00,0.88,-1,-1,-1
1254,275,376.00,170.00,92.00,41.00,0.86,-1,-1,-1
1254,267,290.00,237.00,92.00,91.00,0.83,-1,-1,-1
1255,256,157.00,259.00,90.00,81.00,0.88,-1,-1,-1
1255,275,343.00,175.00,90.00,43.00,0.84,-1,-1,-1
1255,267,290.00,237.00,92.00,91.00,0.83,-1,-1,-1
1256,256,157.00,259.00,90.00,81.00,0.88,-1,-1,-1
1256,267,290.00,236.00,92.00,92.00,0.83,-1,-1,-1
1256,275,316.00,179.00,88.00,47.00,0.81,-1,-1,-1
1257,256,157.00,259.00,90.00,81.00,0.88,-1,-1,-1
1257,267,290.00,237.00,92.00,91.00,0.83,-1,-1,-1
1257,275,296.00,184.00,81.00,50.00,0.80,-1,-1,-1
1258,256,157.00,259.00,90.00,81.00,0.88,-1,-1,-1
1258,267,290.00,237.00,92.00,91.00,0.83,-1,-1,-1
1258,275,275.00,189.00,81.00,51.00,0.78,-1,-1,-1
1259,256,157.00,259.00,90.00,81.00,0.88,-1,-1,-1
1259,275,253.00,193.00,84.00,56.00,0.84,-1,-1,-1
1259,267,290.00,237.00,92.00,91.00,0.83,-1,-1,-1
1260,256,157.00,259.00,90.00,81.00,0.88,-1,-1,-1
1260,267,291.00,237.00,91.00,91.00,0.82,-1,-1,-1
1260,275,234.00,200.00,85.00,57.00,0.82,-1,-1,-1
1261,256,157.00,259.00,90.00,81.00,0.88,-1,-1,-1
1261,275,222.00,206.00,85.00,58.00,0.83,-1,-1,-1
1261,267,291.00,237.00,91.00,91.00,0.82,-1,-1,-1
1262,256,157.00,259.00,90.00,81.00,0.88,-1,-1,-1
1262,275,214.00,210.00,84.00,60.00,0.84,-1,-1,-1
1262,267,290.00,237.00,92.00,91.00,0.82,-1,-1,-1
1263,275,210.00,212.00,84.00,61.00,0.84,-1,-1,-1
1263,267,290.00,237.00,92.00,91.00,0.82,-1,-1,-1
1263,256,153.00,265.00,92.00,81.00,0.82,-1,-1,-1
1264,256,129.00,284.00,102.00,94.00,0.87,-1,-1,-1
1264,275,206.00,214.00,85.00,63.00,0.86,-1,-1,-1
1264,267,290.00,237.00,92.00,91.00,0.82,-1,-1,-1
1265,256,68.00,332.00,134.00,122.00,0.89,-1,-1,-1
1265,275,197.00,219.00,87.00,66.00,0.87,-1,-1,-1
1265,267,290.00,237.00,92.00,91.00,0.82,-1,-1,-1
1266,275,169.00,233.00,97.00,72.00,0.86,-1,-1,-1
1266,267,290.00,236.00,91.00,92.00,0.83,-1,-1,-1
1266,256,0.00,428.00,128.00,221.00,0.82,-1,-1,-1
1266,276,925.00,152.00,69.00,26.00,0.78,-1,-1,-1
1267,275,133.00,250.00,109.00,82.00,0.89,-1,-1,-1
1267,267,290.00,236.00,92.00,92.00,0.83,-1,-1,-1
1267,276,645.00,148.00,86.00,31.00,0.82,-1,-1,-1
1313,277,1231.00,273.00,33.00,26.00,0.51,-1,-1,-1
1314,277,1248.00,281.00,32.00,30.00,0.75,-1,-1,-1
1341,278,1251.00,264.00,29.00,27.00,0.51,-1,-1,-1
1342,278,1225.00,273.00,24.00,21.00,0.54,-1,-1,-1
1343,278,99.00,286.00,38.00,33.00,0.79,-1,-1,-1
1344,278,54.00,307.00,51.00,47.00,0.73,-1,-1,-1
1344,279,183.00,271.00,31.00,29.00,0.61,-1,-1,-1
1345,280,0.00,336.00,61.00,72.00,0.81,-1,-1,-1
1345,278,187.00,282.00,42.00,40.00,0.69,-1,-1,-1
1346,278,187.00,305.00,62.00,60.00,0.84,-1,-1,-1
1347,281,149.00,349.00,103.00,106.00,0.86,-1,-1,-1
1347,278,1255.00,268.00,25.00,24.00,0.69,-1,-1,-1
1348,281,30.00,447.00,202.00,244.00,0.86,-1,-1,-1
1351,282,204.00,249.00,26.00,26.00,0.52,-1,-1,-1
1352,282,186.00,255.00,31.00,32.00,0.55,-1,-1,-1
1353,282,170.00,265.00,37.00,37.00,0.65,-1,-1,-1
1354,282,151.00,275.00,47.00,48.00,0.76,-1,-1,-1
1355,282,119.00,289.00,63.00,64.00,0.80,-1,-1,-1
1356,282,73.00,311.00,85.00,88.00,0.88,-1,-1,-1
1357,282,9.00,341.00,119.00,122.00,0.92,-1,-1,-1
1358,282,0.00,388.00,82.00,212.00,0.61,-1,-1,-1
1399,283,959.00,318.00,321.00,296.00,0.73,-1,-1,-1
1400,283,800.00,277.00,339.00,237.00,0.80,-1,-1,-1
1400,284,1211.00,443.00,69.00,189.00,0.53,-1,-1,-1
1406,285,506.00,230.00,151.00,96.00,0.69,-1,-1,-1
1407,285,497.00,230.00,130.00,86.00,0.60,-1,-1,-1
1408,285,488.00,230.00,127.00,78.00,0.60,-1,-1,-1
1409,285,485.00,228.00,124.00,80.00,0.71,-1,-1,-1
1417,286,483.00,230.00,124.00,82.00,0.63,-1,-1,-1
1418,286,483.00,230.00,124.00,82.00,0.52,-1,-1,-1
1420,287,483.00,230.00,124.00,82.00,0.53,-1,-1,-1
1421,287,483.00,230.00,124.00,82.00,0.55,-1,-1,-1
1422,287,483.00,230.00,124.00,82.00,0.52,-1,-1,-1
1423,287,483.00,230.00,124.00,82.00,0.53,-1,-1,-1
1433,288,484.00,229.00,123.00,78.00,0.50,-1,-1,-1
1434,289,1227.00,273.00,34.00,29.00,0.59,-1,-1,-1
1434,288,483.00,230.00,124.00,80.00,0.57,-1,-1,-1
1439,290,484.00,230.00,122.00,79.00,0.58,-1,-1,-1
1440,290,483.00,230.00,123.00,76.00,0.56,-1,-1,-1
1441,290,483.00,230.00,123.00,77.00,0.62,-1,-1,-1
1442,290,483.00,230.00,123.00,77.00,0.62,-1,-1,-1
1443,290,484.00,229.00,122.00,78.00,0.61,-1,-1,-1
1444,290,484.00,230.00,122.00,77.00,0.60,-1,-1,-1
